G := Sym(14);

involutions :=

[
[
    G!(1, 3)(2, 8)(4, 6)(5, 12)(7, 10)(9, 11)(13, 14),
    G!(1, 6)(2, 9)(3, 14)(4, 12)(5, 11)(7, 10)(8, 13),
    G!(1, 14)(2, 8)(3, 12)(4, 13)(5, 11)(6, 7)(9, 10)
]
,
[
    G!(1, 12)(2, 7)(3, 10)(4, 6)(5, 8)(9, 14)(11, 13),
    G!(1, 9)(2, 6)(3, 13)(4, 12)(5, 10)(7, 8)(11, 14),
    G!(1, 2)(3, 9)(4, 13)(5, 7)(6, 14)(8, 11)(10, 12)
]
,
[
    G!(1, 6)(2, 11)(3, 8)(4, 7)(5, 14)(9, 12)(10, 13),
    G!(1, 8)(2, 10)(3, 12)(4, 5)(6, 11)(7, 14)(9, 13),
    G!(1, 5)(2, 12)(3, 7)(4, 8)(6, 9)(10, 11)(13, 14)
]
,
[
    G!(1, 6)(3, 10)(4, 12)(7, 13)(9, 11),
    G!(2, 9)(3, 12)(4, 13)(5, 6)(11, 14),
    G!(1, 2)(4, 6)(8, 12)(9, 10)(13, 14)
]
,
[
    G!(1, 13)(2, 12)(3, 9)(4, 7)(5, 10),
    G!(3, 6)(4, 5)(8, 11)(9, 14)(10, 13),
    G!(1, 9)(2, 7)(4, 8)(6, 11)(12, 14)
]
,
[
    G!(1, 9)(2, 14)(4, 7)(8, 10)(11, 12),
    G!(1, 10)(2, 13)(3, 9)(4, 5)(7, 11),
    G!(2, 5)(3, 11)(4, 8)(6, 10)(9, 14)
]
,
[
    G!(1, 11)(4, 13)(6, 9)(7, 14)(10, 12),
    G!(1, 5)(2, 3)(4, 6)(9, 12)(11, 13),
    G!(2, 6)(3, 8)(4, 12)(9, 13)(10, 14)
]
,
[
    G!(1, 4)(2, 14)(3, 13)(7, 11)(8, 9),
    G!(1, 10)(2, 5)(3, 4)(6, 14)(7, 9),
    G!(1, 12)(3, 11)(4, 14)(5, 9)(8, 10)
]
,
[
    G!(2, 9)(3, 6)(4, 11)(8, 13)(10, 14),
    G!(1, 11)(2, 4)(6, 7)(9, 10)(12, 14),
    G!(1, 13)(2, 3)(4, 10)(5, 12)(9, 11)
]
,
[
    G!(3, 6)(4, 12)(5, 14)(7, 9)(10, 13),
    G!(1, 8)(4, 13)(5, 9)(6, 11)(12, 14),
    G!(1, 13)(2, 12)(3, 7)(4, 6)(8, 9)
]
,
[
    G!(1, 2)(4, 7)(5, 6)(8, 11)(9, 13),
    G!(2, 7)(3, 10)(4, 5)(6, 9)(8, 12),
    G!(4, 8)(5, 10)(7, 13)(9, 12)(11, 14)
]
,
[
    G!(1, 9)(2, 3)(4, 8)(5, 14)(10, 12),
    G!(1, 8)(3, 9)(4, 7)(10, 14)(11, 13),
    G!(1, 11)(2, 6)(3, 7)(4, 5)(9, 14)
]
,
[
    G!(2, 9)(4, 5)(7, 12)(8, 11)(13, 14),
    G!(1, 6)(2, 7)(4, 8)(5, 13)(9, 10),
    G!(3, 12)(4, 7)(5, 10)(6, 8)(9, 11)
]
,
[
    G!(1, 5)(2, 4)(6, 9)(10, 14)(11, 12),
    G!(1, 11)(2, 13)(3, 8)(4, 10)(9, 12),
    G!(2, 3)(4, 11)(6, 10)(7, 14)(9, 13)
]
,
[
    G!(1, 11)(2, 9)(3, 12)(4, 13)(6, 8),
    G!(2, 3)(4, 6)(7, 12)(9, 10)(13, 14),
    G!(1, 6)(4, 12)(5, 13)(9, 11)(10, 14)
]
,
[
    G!(1, 11)(2, 4)(3, 13)(5, 6)(8, 9),
    G!(2, 3)(4, 10)(6, 14)(7, 9)(8, 12),
    G!(1, 12)(4, 11)(5, 9)(7, 13)(10, 14)
]

];

geometries := [* *];


for i in [1..#involutions] do
	G1 := sub<G|involutions[i][2],involutions[i][3]>;
	G2 := sub<G|involutions[i][1],involutions[i][3]>;
	G3 := sub<G|involutions[i][1],involutions[i][2]>;
	Append(~geometries,CosetGeometry(G,{G1,G2,G3}));
end for;
