[
    (1, 13)(2, 11)(5, 10)(7, 9)(8, 12),
    (4, 6)(5, 13)(7, 8)(9, 12)(10, 11),
    (2, 3)(5, 12)(6, 9)(7, 11)(8, 10)
]
{1, 2} [ 6, 6, 6 ]
{1, 3} [ 6, 6, 6 ]
{2, 3} [ 6, 6, 6 ]
[
    (1, 10)(2, 9)(3, 13)(4, 8)(6, 7),
    (1, 6)(2, 10)(3, 8)(4, 12)(11, 13),
    (1, 8)(2, 4)(3, 7)(5, 6)(12, 13)
]
{1, 2} [ 6, 6, 6 ]
{1, 3} [ 6, 6, 6 ]
{2, 3} [ 6, 6, 6 ]
[
    (2, 11)(3, 7)(4, 12)(5, 10)(8, 13),
    (1, 10)(3, 7)(5, 13)(6, 8)(9, 12),
    (1, 10)(2, 8)(4, 12)(6, 9)(7, 11)
]
{1, 2} [ 6, 6, 6 ]
{1, 3} [ 6, 6, 6 ]
{2, 3} [ 6, 6, 6 ]
[
    (1, 6)(2, 10)(3, 12)(4, 5)(8, 13),
    (1, 7)(2, 4)(3, 9)(6, 8)(12, 13),
    (1, 11)(2, 8)(3, 13)(4, 10)(6, 7)
]
{1, 2} [ 8, 8, 8 ]
{1, 3} [ 8, 8, 8 ]
{2, 3} [ 8, 8, 8 ]
[
    (1, 12)(2, 11)(3, 10)(4, 8)(7, 9),
    (1, 12)(3, 8)(4, 7)(5, 13)(10, 11),
    (1, 8)(3, 10)(4, 7)(5, 12)(6, 9)
]
{1, 2} [ 8, 8, 8 ]
{1, 3} [ 8, 8, 8 ]
{2, 3} [ 8, 8, 8 ]
[
    (2, 10)(4, 5)(6, 12)(8, 11)(9, 13),
    (2, 7)(3, 9)(5, 8)(6, 11)(12, 13),
    (1, 11)(2, 5)(6, 7)(8, 9)(10, 13)
]
{1, 2} [ 9, 9, 9 ]
{1, 3} [ 9, 9, 9 ]
{2, 3} [ 9, 9, 9 ]
[
    (2, 11)(3, 5)(4, 13)(6, 8)(9, 12),
    (1, 9)(2, 8)(3, 6)(5, 13)(7, 11),
    (1, 2)(4, 11)(5, 10)(6, 9)(8, 13)
]
{1, 2} [ 9, 9, 9 ]
{1, 3} [ 9, 9, 9 ]
{2, 3} [ 9, 9, 9 ]
[
    (3, 9)(4, 10)(5, 12)(7, 13)(8, 11),
    (1, 11)(3, 12)(5, 8)(6, 10)(7, 9),
    (1, 7)(2, 12)(4, 5)(8, 9)(10, 11)
]
{1, 2} [ 9, 9, 9 ]
{1, 3} [ 9, 9, 9 ]
{2, 3} [ 9, 9, 9 ]
[
    (2, 5)(4, 9)(6, 10)(7, 12)(8, 11),
    (2, 12)(3, 11)(5, 8)(7, 10)(9, 13),
    (1, 5)(6, 11)(7, 13)(8, 9)(10, 12)
]
{1, 2} [ 9, 9, 9 ]
{1, 3} [ 9, 9, 9 ]
{2, 3} [ 9, 9, 9 ]
[
    (1, 5)(3, 13)(4, 12)(7, 10)(8, 9),
    (1, 6)(3, 7)(4, 9)(8, 11)(10, 12),
    (1, 10)(2, 4)(3, 11)(5, 8)(7, 12)
]
{1, 2} [ 9, 9, 9 ]
{1, 3} [ 9, 9, 9 ]
{2, 3} [ 9, 9, 9 ]
[
    (1, 11)(2, 12)(5, 13)(6, 8)(7, 10),
    (2, 8)(4, 5)(6, 9)(7, 13)(10, 12),
    (2, 11)(3, 9)(6, 10)(7, 12)(8, 13)
]
{1, 2} [ 10, 10, 10 ]
{1, 3} [ 10, 10, 10 ]
{2, 3} [ 10, 10, 10 ]
[
    (1, 11)(2, 13)(3, 12)(6, 10)(7, 8),
    (1, 7)(2, 12)(4, 5)(6, 13)(8, 10),
    (2, 6)(3, 9)(4, 10)(7, 13)(8, 12)
]
{1, 2} [ 10, 10, 10 ]
{1, 3} [ 10, 10, 10 ]
{2, 3} [ 10, 10, 10 ]
[
    (3, 12)(4, 6)(5, 9)(7, 8)(11, 13),
    (1, 7)(2, 3)(5, 6)(8, 10)(9, 11),
    (1, 13)(2, 9)(4, 10)(5, 11)(8, 12)
]
{1, 2} [ 12, 12, 12 ]
{1, 3} [ 12, 12, 12 ]
{2, 3} [ 12, 12, 12 ]
[
    (2, 5)(3, 9)(6, 11)(7, 8)(10, 13),
    (1, 11)(2, 5)(6, 12)(8, 10)(9, 13),
    (2, 7)(4, 5)(6, 11)(8, 12)(9, 13)
]
{1, 2} [ 12, 12, 12 ]
{1, 3} [ 12, 12, 12 ]
{2, 3} [ 12, 12, 12 ]
[
    (1, 13)(3, 7)(4, 6)(8, 12)(10, 11),
    (1, 10)(2, 3)(4, 6)(5, 12)(7, 8),
    (1, 13)(2, 3)(4, 12)(7, 9)(8, 10)
]
{1, 2} [ 12, 12, 12 ]
{1, 3} [ 12, 12, 12 ]
{2, 3} [ 12, 12, 12 ]
[
    (1, 2)(3, 9)(4, 13)(5, 12)(8, 10),
    (1, 11)(3, 6)(4, 13)(7, 9)(8, 12),
    (1, 2)(3, 6)(4, 5)(7, 8)(10, 11)
]
{1, 2} [ 12, 12, 12 ]
{1, 3} [ 12, 12, 12 ]
{2, 3} [ 12, 12, 12 ]
[
    (1, 13)(2, 4)(6, 9)(7, 11)(8, 10),
    (2, 11)(3, 13)(4, 6)(5, 10)(8, 12),
    (1, 6)(2, 3)(5, 13)(7, 8)(9, 12)
]
{1, 2} [ 12, 12, 12 ]
{1, 3} [ 12, 12, 12 ]
{2, 3} [ 12, 12, 12 ]
[
    (1, 13)(2, 11)(3, 7)(4, 9)(8, 10),
    (1, 10)(3, 11)(4, 6)(5, 13)(8, 12),
    (1, 5)(2, 3)(4, 12)(6, 9)(7, 8)
]
{1, 2} [ 12, 12, 12 ]
{1, 3} [ 12, 12, 12 ]
{2, 3} [ 12, 12, 12 ]
[
    (3, 13)(4, 5)(6, 9)(7, 8)(11, 12),
    (1, 6)(2, 11)(3, 9)(5, 7)(8, 10),
    (1, 11)(2, 4)(5, 13)(8, 12)(9, 10)
]
{1, 2} [ 15, 15, 15 ]
{1, 3} [ 15, 15, 15 ]
{2, 3} [ 15, 15, 15 ]
[
    (1, 13)(2, 11)(3, 7)(5, 9)(8, 10),
    (1, 10)(4, 6)(5, 13)(8, 12)(9, 11),
    (2, 3)(4, 12)(5, 11)(6, 9)(7, 8)
]
{1, 2} [ 18, 18, 18 ]
{1, 3} [ 18, 18, 18 ]
{2, 3} [ 18, 18, 18 ]
[
    (1, 5)(2, 7)(3, 9)(4, 12)(6, 8),
    (1, 11)(2, 8)(3, 7)(4, 9)(10, 13),
    (1, 10)(3, 11)(4, 5)(6, 12)(8, 13)
]
{1, 2} [ 24, 24, 24 ]
{1, 3} [ 24, 24, 24 ]
{2, 3} [ 24, 24, 24 ]
[
    (1, 7)(3, 9)(6, 8)(10, 11)(12, 13),
    (1, 11)(2, 8)(4, 10)(5, 12)(6, 7),
    (2, 10)(3, 12)(4, 5)(7, 9)(8, 13)
]
{1, 2} [ 24, 24, 24 ]
{1, 3} [ 24, 24, 24 ]
{2, 3} [ 24, 24, 24 ]
[
    (1, 9)(2, 7)(3, 6)(8, 11)(10, 12),
    (1, 2)(4, 11)(5, 8)(7, 12)(10, 13),
    (3, 5)(4, 13)(6, 12)(7, 10)(8, 9)
]
{1, 2} [ 28, 28, 28 ]
{1, 3} [ 28, 28, 28 ]
{2, 3} [ 28, 28, 28 ]
[
    (1, 8)(2, 3)(4, 5)(9, 10)(12, 13),
    (1, 13)(3, 9)(4, 8)(6, 7)(11, 12),
    (1, 11)(2, 10)(3, 8)(4, 6)(5, 7)
]
{1, 2} [ 28, 28, 28 ]
{1, 3} [ 28, 28, 28 ]
{2, 3} [ 28, 28, 28 ]
[
    (1, 5)(3, 8)(6, 11)(7, 9)(12, 13),
    (1, 8)(2, 5)(4, 9)(6, 7)(10, 11),
    (2, 10)(3, 11)(4, 8)(5, 12)(9, 13)
]
{1, 2} [ 30, 30, 30 ]
{1, 3} [ 30, 30, 30 ]
{2, 3} [ 30, 30, 30 ]
[
    (1, 12)(3, 6)(7, 11)(8, 10)(9, 13),
    (1, 2)(4, 7)(5, 10)(6, 11)(8, 12),
    (2, 5)(3, 10)(4, 13)(7, 8)(9, 12)
]
{1, 2} [ 30, 30, 30 ]
{1, 3} [ 30, 30, 30 ]
{2, 3} [ 30, 30, 30 ]
[
    (1, 7)(2, 4)(5, 8)(9, 13)(10, 12),
    (3, 13)(4, 10)(6, 11)(7, 12)(8, 9),
    (1, 6)(2, 5)(3, 12)(7, 10)(8, 11)
]
{1, 2} [ 30, 30, 30 ]
{1, 3} [ 30, 30, 30 ]
{2, 3} [ 30, 30, 30 ]
[
    (1, 8)(2, 13)(3, 11)(5, 12)(6, 9),
    (1, 5)(2, 11)(4, 8)(6, 13)(7, 9),
    (2, 6)(3, 8)(4, 9)(5, 13)(10, 11)
]
{1, 2} [ 35, 35, 35 ]
{1, 3} [ 35, 35, 35 ]
{2, 3} [ 35, 35, 35 ]
[
    (1, 3)(2, 8)(4, 12)(5, 13)(6, 7),
    (1, 4)(2, 10)(3, 7)(6, 9)(8, 13),
    (1, 10)(2, 11)(3, 4)(6, 8)(12, 13)
]
{1, 2} [ 35, 35, 35 ]
{1, 3} [ 35, 35, 35 ]
{2, 3} [ 35, 35, 35 ]
[
    (1, 8)(4, 5)(7, 9)(10, 13)(11, 12),
    (3, 9)(4, 8)(5, 7)(6, 12)(10, 11),
    (1, 11)(2, 7)(3, 8)(5, 12)(9, 10)
]
{1, 2} [ 35, 35, 35 ]
{1, 3} [ 35, 35, 35 ]
{2, 3} [ 35, 35, 35 ]
30
[
    [ 6, 3 ],
    [ 8, 2 ],
    [ 9, 5 ],
    [ 10, 2 ],
    [ 12, 6 ],
    [ 15, 1 ],
    [ 18, 1 ],
    [ 24, 2 ],
    [ 28, 2 ],
    [ 30, 3 ],
    [ 35, 3 ]
]
606.420
