[
    (1, 11)(2, 13)(6, 14)(7, 10)(9, 15),
    (2, 15)(4, 12)(5, 11)(6, 8)(9, 10),
    (3, 14)(5, 7)(8, 9)(10, 15)(12, 13)
]
{1, 2} [ 6, 6, 6 ]
{1, 3} [ 6, 6, 6 ]
{2, 3} [ 6, 6, 6 ]
[
    (1, 5)(2, 14)(3, 13)(4, 15)(8, 10),
    (1, 6)(3, 9)(4, 13)(7, 15)(8, 11),
    (1, 10)(2, 9)(3, 6)(4, 5)(7, 12)
]
{1, 2} [ 6, 6, 6 ]
{1, 3} [ 6, 6, 6 ]
{2, 3} [ 6, 6, 6 ]
[
    (1, 11)(2, 9)(3, 6)(4, 10)(5, 12)(8, 15)(13, 14),
    (1, 9)(2, 10)(3, 14)(4, 6)(5, 11)(7, 15)(12, 13),
    (1, 6)(3, 15)(4, 12)(5, 14)(7, 9)(8, 10)(11, 13)
]
{1, 2} [ 6, 6, 6 ]
{1, 3} [ 6, 6, 6 ]
{2, 3} [ 6, 6, 6 ]
[
    (2, 8)(4, 12)(6, 7)(9, 13)(10, 14),
    (2, 5)(3, 14)(6, 10)(7, 8)(11, 15),
    (1, 11)(2, 7)(5, 15)(8, 13)(9, 12)
]
{1, 2} [ 8, 8, 8 ]
{1, 3} [ 8, 8, 8 ]
{2, 3} [ 8, 8, 8 ]
[
    (1, 3)(2, 8)(4, 13)(6, 11)(7, 10)(9, 12)(14, 15),
    (1, 4)(2, 15)(3, 6)(5, 12)(7, 8)(9, 11)(10, 14),
    (1, 5)(2, 7)(3, 4)(8, 9)(10, 12)(11, 15)(13, 14)
]
{1, 2} [ 9, 9, 9 ]
{1, 3} [ 9, 9, 9 ]
{2, 3} [ 9, 9, 9 ]
[
    (2, 5)(3, 7)(4, 12)(6, 10)(8, 15)(9, 11)(13, 14),
    (1, 11)(2, 10)(4, 8)(5, 7)(6, 9)(12, 13)(14, 15),
    (1, 2)(3, 14)(5, 8)(6, 15)(7, 9)(10, 12)(11, 13)
]
{1, 2} [ 9, 9, 9 ]
{1, 3} [ 9, 9, 9 ]
{2, 3} [ 9, 9, 9 ]
[
    (1, 2)(4, 10)(6, 9)(11, 15)(13, 14),
    (3, 15)(4, 8)(5, 10)(6, 11)(9, 12),
    (1, 9)(3, 7)(5, 12)(10, 14)(13, 15)
]
{1, 2} [ 12, 12, 12 ]
{1, 3} [ 12, 12, 12 ]
{2, 3} [ 12, 12, 12 ]
[
    (1, 10)(2, 8)(3, 13)(5, 7)(9, 12),
    (1, 6)(2, 13)(4, 15)(7, 8)(10, 14),
    (2, 7)(3, 9)(4, 5)(6, 8)(11, 15)
]
{1, 2} [ 12, 12, 12 ]
{1, 3} [ 12, 12, 12 ]
{2, 3} [ 12, 12, 12 ]
[
    (1, 8)(3, 10)(4, 5)(9, 13)(12, 15),
    (1, 15)(3, 13)(4, 7)(6, 10)(9, 14),
    (1, 6)(2, 3)(4, 9)(5, 15)(10, 11)
]
{1, 2} [ 12, 12, 12 ]
{1, 3} [ 12, 12, 12 ]
{2, 3} [ 12, 12, 12 ]
[
    (1, 5)(2, 10)(3, 13)(4, 9)(6, 14)(7, 11)(8, 15),
    (1, 6)(2, 12)(3, 10)(4, 13)(5, 11)(7, 9)(8, 15),
    (1, 15)(2, 10)(3, 6)(4, 5)(7, 9)(8, 14)(12, 13)
]
{1, 2} [ 13, 13, 13 ]
{1, 3} [ 13, 13, 13 ]
{2, 3} [ 13, 13, 13 ]
[
    (1, 8)(2, 14)(3, 10)(4, 9)(5, 12)(6, 7)(11, 13),
    (1, 15)(2, 3)(4, 9)(5, 11)(6, 8)(7, 12)(13, 14),
    (1, 15)(2, 6)(3, 10)(4, 7)(5, 14)(8, 11)(12, 13)
]
{1, 2} [ 13, 13, 13 ]
{1, 3} [ 13, 13, 13 ]
{2, 3} [ 13, 13, 13 ]
[
    (1, 13)(2, 12)(3, 10)(4, 9)(5, 15)(6, 14)(7, 8),
    (1, 15)(2, 7)(3, 10)(4, 6)(5, 11)(8, 14)(9, 13),
    (1, 15)(2, 8)(3, 5)(4, 9)(6, 10)(7, 11)(12, 13)
]
{1, 2} [ 13, 13, 13 ]
{1, 3} [ 13, 13, 13 ]
{2, 3} [ 13, 13, 13 ]
[
    (1, 14)(2, 10)(3, 6)(4, 8)(5, 11)(7, 9)(13, 15),
    (1, 2)(3, 12)(4, 6)(5, 14)(7, 9)(8, 15)(10, 13),
    (1, 6)(2, 10)(3, 7)(4, 11)(5, 12)(8, 15)(9, 13)
]
{1, 2} [ 13, 13, 13 ]
{1, 3} [ 13, 13, 13 ]
{2, 3} [ 13, 13, 13 ]
[
    (1, 5)(2, 10)(3, 13)(4, 9)(6, 14)(7, 11)(8, 15),
    (1, 15)(2, 10)(3, 5)(4, 13)(6, 12)(7, 9)(8, 14),
    (1, 13)(2, 12)(3, 10)(4, 5)(6, 11)(7, 9)(8, 15)
]
{1, 2} [ 13, 13, 13 ]
{1, 3} [ 13, 13, 13 ]
{2, 3} [ 13, 13, 13 ]
[
    (1, 2)(3, 5)(4, 8)(6, 13)(7, 14)(9, 15)(10, 12),
    (1, 13)(2, 11)(3, 7)(4, 8)(5, 6)(9, 10)(14, 15),
    (1, 2)(3, 7)(4, 6)(5, 13)(8, 12)(9, 11)(10, 15)
]
{1, 2} [ 13, 13, 13 ]
{1, 3} [ 13, 13, 13 ]
{2, 3} [ 13, 13, 13 ]
[
    (1, 2)(3, 14)(4, 12)(5, 11)(6, 15)(7, 13)(8, 10),
    (1, 11)(2, 9)(3, 7)(4, 12)(5, 14)(6, 10)(8, 13),
    (1, 11)(2, 13)(3, 14)(4, 8)(5, 12)(6, 9)(7, 15)
]
{1, 2} [ 13, 13, 13 ]
{1, 3} [ 13, 13, 13 ]
{2, 3} [ 13, 13, 13 ]
[
    (1, 13)(3, 12)(4, 11)(5, 10)(6, 15)(7, 14)(8, 9),
    (1, 14)(2, 15)(3, 13)(4, 11)(5, 9)(6, 10)(8, 12),
    (1, 14)(2, 11)(3, 12)(4, 13)(5, 15)(6, 9)(7, 10)
]
{1, 2} [ 13, 13, 13 ]
{1, 3} [ 13, 13, 13 ]
{2, 3} [ 13, 13, 13 ]
[
    (2, 8)(3, 12)(4, 15)(5, 6)(7, 14)(9, 10)(11, 13),
    (1, 14)(2, 11)(3, 9)(5, 13)(6, 12)(7, 8)(10, 15),
    (1, 10)(2, 7)(4, 11)(5, 14)(6, 13)(8, 12)(9, 15)
]
{1, 2} [ 15, 15, 15 ]
{1, 3} [ 15, 15, 15 ]
{2, 3} [ 15, 15, 15 ]
[
    (1, 6)(2, 4)(3, 7)(5, 12)(8, 13)(9, 15)(10, 11),
    (1, 2)(3, 8)(4, 5)(6, 7)(9, 10)(12, 15)(13, 14),
    (1, 7)(2, 5)(3, 13)(4, 8)(6, 11)(9, 14)(10, 15)
]
{1, 2} [ 15, 15, 15 ]
{1, 3} [ 15, 15, 15 ]
{2, 3} [ 15, 15, 15 ]
[
    (1, 14)(3, 9)(4, 7)(5, 10)(6, 13)(8, 11)(12, 15),
    (1, 10)(2, 3)(4, 11)(5, 6)(7, 12)(9, 14)(13, 15),
    (1, 8)(2, 14)(3, 12)(4, 15)(5, 13)(6, 9)(10, 11)
]
{1, 2} [ 15, 15, 15 ]
{1, 3} [ 15, 15, 15 ]
{2, 3} [ 15, 15, 15 ]
[
    (1, 5)(2, 10)(3, 14)(4, 8)(6, 9)(7, 13)(11, 12),
    (1, 2)(3, 5)(4, 12)(6, 15)(7, 9)(8, 13)(11, 14),
    (1, 11)(2, 13)(3, 7)(4, 5)(6, 10)(8, 15)(12, 14)
]
{1, 2} [ 15, 15, 15 ]
{1, 3} [ 15, 15, 15 ]
{2, 3} [ 15, 15, 15 ]
[
    (1, 5)(2, 4)(3, 6)(7, 14)(8, 9)(10, 13)(11, 15),
    (1, 7)(2, 15)(3, 5)(4, 6)(8, 12)(9, 13)(10, 14),
    (1, 6)(2, 11)(3, 8)(4, 5)(7, 10)(9, 12)(13, 15)
]
{1, 2} [ 15, 15, 15 ]
{1, 3} [ 15, 15, 15 ]
{2, 3} [ 15, 15, 15 ]
[
    (1, 15)(2, 14)(3, 6)(4, 12)(5, 9)(7, 8)(11, 13),
    (1, 11)(2, 8)(3, 10)(4, 6)(5, 15)(7, 12)(13, 14),
    (1, 6)(2, 7)(3, 14)(4, 9)(5, 10)(8, 11)(12, 13)
]
{1, 2} [ 15, 15, 15 ]
{1, 3} [ 15, 15, 15 ]
{2, 3} [ 15, 15, 15 ]
[
    (1, 8)(2, 15)(4, 12)(5, 7)(6, 14)(9, 10)(11, 13),
    (1, 11)(2, 3)(5, 8)(6, 12)(7, 10)(9, 15)(13, 14),
    (2, 5)(3, 14)(4, 7)(6, 11)(8, 9)(10, 15)(12, 13)
]
{1, 2} [ 15, 15, 15 ]
{1, 3} [ 15, 15, 15 ]
{2, 3} [ 15, 15, 15 ]
[
    (1, 8)(3, 6)(4, 5)(7, 9)(10, 13)(11, 14)(12, 15),
    (1, 5)(2, 3)(4, 6)(8, 15)(9, 13)(10, 11)(12, 14),
    (1, 6)(2, 10)(3, 5)(4, 7)(9, 14)(11, 12)(13, 15)
]
{1, 2} [ 15, 15, 15 ]
{1, 3} [ 15, 15, 15 ]
{2, 3} [ 15, 15, 15 ]
[
    (1, 8)(2, 7)(3, 15)(4, 6)(5, 12)(9, 11)(10, 13),
    (1, 6)(2, 3)(4, 10)(5, 11)(7, 8)(9, 13)(14, 15),
    (1, 9)(2, 8)(3, 6)(4, 7)(5, 14)(10, 12)(13, 15)
]
{1, 2} [ 15, 15, 15 ]
{1, 3} [ 15, 15, 15 ]
{2, 3} [ 15, 15, 15 ]
[
    (1, 8)(2, 15)(4, 12)(5, 7)(6, 14)(9, 10)(11, 13),
    (2, 13)(3, 14)(4, 7)(5, 11)(6, 12)(8, 9)(10, 15),
    (1, 11)(2, 3)(5, 14)(6, 8)(7, 10)(9, 15)(12, 13)
]
{1, 2} [ 15, 15, 15 ]
{1, 3} [ 15, 15, 15 ]
{2, 3} [ 15, 15, 15 ]
[
    (1, 7)(2, 10)(4, 5)(6, 12)(8, 11)(9, 15)(13, 14),
    (1, 5)(2, 14)(3, 8)(6, 11)(7, 9)(10, 15)(12, 13),
    (2, 4)(3, 5)(6, 14)(7, 12)(8, 15)(9, 10)(11, 13)
]
{1, 2} [ 15, 15, 15 ]
{1, 3} [ 15, 15, 15 ]
{2, 3} [ 15, 15, 15 ]
[
    (1, 13)(2, 11)(3, 7)(4, 6)(5, 14)(8, 10)(12, 15),
    (1, 6)(2, 9)(3, 13)(4, 8)(5, 12)(7, 14)(10, 11),
    (1, 2)(3, 6)(4, 13)(5, 11)(7, 15)(8, 12)(9, 14)
]
{1, 2} [ 15, 15, 15 ]
{1, 3} [ 15, 15, 15 ]
{2, 3} [ 15, 15, 15 ]
[
    (1, 15)(2, 14)(3, 6)(4, 12)(5, 9)(7, 8)(11, 13),
    (1, 5)(2, 7)(3, 14)(4, 9)(6, 12)(8, 11)(10, 13),
    (1, 11)(2, 8)(3, 10)(4, 13)(5, 14)(6, 15)(7, 12)
]
{1, 2} [ 15, 15, 15 ]
{1, 3} [ 15, 15, 15 ]
{2, 3} [ 15, 15, 15 ]
[
    (1, 10)(2, 13)(3, 6)(4, 11)(5, 12)(7, 15)(9, 14),
    (1, 14)(3, 9)(4, 6)(5, 11)(7, 13)(8, 10)(12, 15),
    (1, 6)(2, 9)(3, 12)(4, 15)(5, 14)(8, 13)(10, 11)
]
{1, 2} [ 15, 15, 15 ]
{1, 3} [ 15, 15, 15 ]
{2, 3} [ 15, 15, 15 ]
[
    (1, 9)(2, 3)(4, 5)(6, 14)(7, 12)(8, 10)(13, 15),
    (1, 8)(2, 14)(3, 13)(4, 10)(5, 11)(6, 9)(7, 15),
    (1, 6)(2, 9)(3, 15)(4, 7)(5, 10)(8, 11)(12, 13)
]
{1, 2} [ 15, 15, 15 ]
{1, 3} [ 15, 15, 15 ]
{2, 3} [ 15, 15, 15 ]
[
    (1, 8)(2, 7)(3, 10)(5, 12)(6, 9)(11, 13)(14, 15),
    (2, 3)(4, 9)(5, 11)(6, 15)(7, 8)(10, 12)(13, 14),
    (1, 15)(2, 8)(4, 7)(5, 14)(6, 10)(9, 11)(12, 13)
]
{1, 2} [ 15, 15, 15 ]
{1, 3} [ 15, 15, 15 ]
{2, 3} [ 15, 15, 15 ]
[
    (1, 9)(2, 3)(4, 5)(6, 14)(7, 12)(8, 10)(13, 15),
    (1, 5)(2, 9)(3, 15)(4, 7)(6, 12)(8, 11)(10, 13),
    (1, 8)(2, 14)(3, 5)(4, 10)(6, 11)(7, 15)(9, 13)
]
{1, 2} [ 15, 15, 15 ]
{1, 3} [ 15, 15, 15 ]
{2, 3} [ 15, 15, 15 ]
[
    (1, 13)(2, 6)(3, 4)(5, 12)(7, 11)(9, 14)(10, 15),
    (1, 3)(2, 12)(4, 6)(5, 8)(9, 15)(10, 11)(13, 14),
    (1, 4)(3, 5)(6, 11)(7, 13)(8, 14)(9, 10)(12, 15)
]
{1, 2} [ 15, 15, 15 ]
{1, 3} [ 15, 15, 15 ]
{2, 3} [ 15, 15, 15 ]
[
    (1, 11)(2, 12)(3, 13)(5, 14)(6, 10)(7, 15)(8, 9),
    (1, 6)(2, 9)(4, 12)(5, 15)(7, 10)(8, 14)(11, 13),
    (2, 15)(3, 14)(4, 5)(6, 12)(7, 11)(8, 10)(9, 13)
]
{1, 2} [ 15, 15, 15 ]
{1, 3} [ 15, 15, 15 ]
{2, 3} [ 15, 15, 15 ]
[
    (1, 12)(2, 14)(3, 13)(4, 7)(5, 9)(6, 10)(11, 15),
    (1, 8)(3, 11)(4, 13)(5, 15)(6, 9)(7, 12)(10, 14),
    (1, 13)(2, 3)(4, 14)(5, 10)(6, 15)(8, 11)(9, 12)
]
{1, 2} [ 15, 15, 15 ]
{1, 3} [ 15, 15, 15 ]
{2, 3} [ 15, 15, 15 ]
[
    (2, 9)(3, 5)(4, 8)(6, 11)(7, 12)(10, 15)(13, 14),
    (1, 2)(4, 5)(6, 14)(7, 15)(8, 11)(9, 10)(12, 13),
    (1, 5)(2, 14)(3, 7)(6, 12)(8, 10)(9, 15)(11, 13)
]
{1, 2} [ 15, 15, 15 ]
{1, 3} [ 15, 15, 15 ]
{2, 3} [ 15, 15, 15 ]
[
    (1, 6)(2, 15)(3, 10)(4, 8)(5, 12)(7, 13)(9, 14),
    (1, 2)(3, 6)(4, 9)(5, 11)(7, 10)(8, 13)(12, 15),
    (1, 15)(2, 13)(3, 7)(4, 6)(5, 14)(8, 9)(10, 11)
]
{1, 2} [ 15, 15, 15 ]
{1, 3} [ 15, 15, 15 ]
{2, 3} [ 15, 15, 15 ]
[
    (1, 2)(3, 9)(4, 6)(5, 11)(7, 12)(8, 10)(13, 14),
    (1, 6)(2, 9)(3, 7)(4, 15)(5, 14)(8, 11)(12, 13),
    (1, 10)(2, 14)(3, 6)(4, 8)(5, 12)(7, 15)(11, 13)
]
{1, 2} [ 15, 15, 15 ]
{1, 3} [ 15, 15, 15 ]
{2, 3} [ 15, 15, 15 ]
[
    (1, 15)(2, 13)(3, 14)(4, 5)(6, 12)(8, 11)(9, 10),
    (1, 5)(2, 14)(3, 10)(4, 12)(6, 11)(7, 13)(9, 15),
    (1, 11)(3, 5)(4, 9)(6, 14)(7, 12)(8, 13)(10, 15)
]
{1, 2} [ 15, 15, 15 ]
{1, 3} [ 15, 15, 15 ]
{2, 3} [ 15, 15, 15 ]
[
    (2, 4)(3, 9)(5, 15)(6, 12)(7, 8)(10, 11)(13, 14),
    (1, 7)(2, 8)(4, 15)(5, 10)(6, 11)(9, 14)(12, 13),
    (1, 10)(2, 7)(3, 8)(5, 9)(6, 14)(11, 13)(12, 15)
]
{1, 2} [ 15, 15, 15 ]
{1, 3} [ 15, 15, 15 ]
{2, 3} [ 15, 15, 15 ]
[
    (2, 9)(3, 5)(4, 8)(6, 11)(7, 12)(10, 15)(13, 14),
    (1, 13)(2, 14)(3, 7)(5, 12)(6, 11)(8, 10)(9, 15),
    (1, 2)(4, 6)(5, 12)(7, 15)(8, 11)(9, 10)(13, 14)
]
{1, 2} [ 18, 18, 18 ]
{1, 3} [ 18, 18, 18 ]
{2, 3} [ 18, 18, 18 ]
[
    (1, 13)(2, 11)(3, 7)(4, 6)(5, 14)(8, 10)(12, 15),
    (1, 2)(3, 5)(4, 6)(7, 15)(8, 12)(9, 14)(11, 13),
    (1, 13)(2, 9)(3, 5)(4, 8)(6, 12)(7, 14)(10, 11)
]
{1, 2} [ 18, 18, 18 ]
{1, 3} [ 18, 18, 18 ]
{2, 3} [ 18, 18, 18 ]
[
    (1, 8)(2, 14)(3, 4)(6, 7)(9, 11)(10, 12)(13, 15),
    (1, 3)(2, 5)(4, 7)(6, 9)(8, 11)(10, 12)(14, 15),
    (1, 4)(2, 3)(5, 10)(7, 12)(8, 13)(9, 11)(14, 15)
]
{1, 2} [ 20, 20, 20 ]
{1, 3} [ 20, 20, 20 ]
{2, 3} [ 20, 20, 20 ]
[
    (3, 15)(5, 6)(7, 13)(8, 9)(10, 14),
    (1, 9)(2, 6)(5, 13)(7, 10)(11, 15),
    (2, 15)(4, 10)(5, 8)(6, 13)(9, 12)
]
{1, 2} [ 21, 21, 21 ]
{1, 3} [ 21, 21, 21 ]
{2, 3} [ 21, 21, 21 ]
[
    (1, 6)(2, 15)(4, 14)(5, 11)(7, 13)(8, 10)(9, 12),
    (1, 12)(2, 9)(3, 6)(5, 14)(7, 10)(8, 13)(11, 15),
    (2, 13)(3, 11)(4, 6)(5, 12)(7, 15)(8, 9)(10, 14)
]
{1, 2} [ 22, 22, 22 ]
{1, 3} [ 22, 22, 22 ]
{2, 3} [ 22, 22, 22 ]
[
    (1, 10)(3, 15)(4, 8)(5, 11)(6, 14)(7, 12)(9, 13),
    (1, 2)(3, 9)(4, 10)(5, 14)(6, 12)(8, 11)(13, 15),
    (1, 9)(2, 14)(3, 7)(4, 15)(5, 12)(6, 11)(10, 13)
]
{1, 2} [ 22, 22, 22 ]
{1, 3} [ 22, 22, 22 ]
{2, 3} [ 22, 22, 22 ]
[
    (1, 7)(2, 11)(3, 13)(4, 15)(5, 12)(6, 9)(8, 14),
    (1, 10)(2, 12)(3, 8)(4, 13)(5, 11)(6, 15)(7, 14),
    (1, 13)(2, 4)(3, 9)(5, 14)(6, 10)(7, 11)(8, 12)
]
{1, 2} [ 22, 22, 22 ]
{1, 3} [ 22, 22, 22 ]
{2, 3} [ 22, 22, 22 ]
[
    (1, 14)(2, 7)(4, 5)(8, 11)(9, 12),
    (2, 8)(3, 13)(4, 11)(7, 12)(10, 14),
    (1, 6)(2, 14)(3, 12)(7, 8)(11, 15)
]
{1, 2} [ 24, 24, 24 ]
{1, 3} [ 24, 24, 24 ]
{2, 3} [ 24, 24, 24 ]
[
    (1, 13)(2, 7)(4, 14)(8, 11)(9, 12),
    (2, 8)(3, 11)(4, 6)(7, 12)(10, 14),
    (1, 12)(2, 14)(3, 5)(7, 8)(11, 15)
]
{1, 2} [ 28, 28, 28 ]
{1, 3} [ 28, 28, 28 ]
{2, 3} [ 28, 28, 28 ]
[
    (1, 2)(3, 8)(4, 10)(5, 11)(6, 12)(7, 14)(9, 13),
    (1, 9)(2, 4)(3, 7)(5, 14)(6, 11)(8, 12)(13, 15),
    (1, 7)(2, 11)(3, 15)(4, 8)(5, 12)(6, 14)(10, 13)
]
{1, 2} [ 28, 28, 28 ]
{1, 3} [ 28, 28, 28 ]
{2, 3} [ 28, 28, 28 ]
[
    (1, 11)(2, 14)(4, 15)(5, 12)(6, 7)(8, 10)(9, 13),
    (1, 10)(2, 9)(3, 14)(5, 11)(6, 8)(7, 12)(13, 15),
    (2, 6)(3, 9)(4, 12)(5, 14)(7, 15)(8, 11)(10, 13)
]
{1, 2} [ 28, 28, 28 ]
{1, 3} [ 28, 28, 28 ]
{2, 3} [ 28, 28, 28 ]
[
    (1, 13)(2, 14)(5, 15)(7, 9)(8, 10),
    (2, 10)(4, 6)(7, 15)(8, 11)(9, 13),
    (2, 9)(3, 5)(6, 10)(7, 12)(8, 15)
]
{1, 2} [ 30, 30, 30 ]
{1, 3} [ 30, 30, 30 ]
{2, 3} [ 30, 30, 30 ]
[
    (3, 7)(4, 9)(5, 6)(8, 13)(14, 15),
    (1, 2)(3, 10)(5, 13)(6, 7)(9, 11),
    (1, 15)(2, 5)(4, 8)(6, 13)(10, 12)
]
{1, 2} [ 42, 42, 42 ]
{1, 3} [ 42, 42, 42 ]
{2, 3} [ 42, 42, 42 ]
[
    (1, 12)(3, 5)(4, 15)(8, 10)(13, 14),
    (1, 13)(3, 9)(4, 14)(6, 11)(7, 15),
    (1, 10)(2, 9)(3, 11)(4, 6)(5, 12)
]
{1, 2} [ 42, 42, 42 ]
{1, 3} [ 42, 42, 42 ]
{2, 3} [ 42, 42, 42 ]
[
    (1, 9)(2, 14)(4, 15)(5, 10)(8, 13),
    (3, 9)(4, 10)(6, 7)(8, 11)(13, 15),
    (1, 10)(2, 5)(3, 15)(6, 9)(7, 12)
]
{1, 2} [ 42, 42, 42 ]
{1, 3} [ 42, 42, 42 ]
{2, 3} [ 42, 42, 42 ]
[
    (1, 5)(3, 7)(4, 12)(6, 9)(8, 14),
    (1, 2)(3, 14)(4, 13)(5, 10)(7, 11),
    (1, 11)(2, 12)(3, 6)(4, 8)(13, 15)
]
{1, 2} [ 60, 60, 60 ]
{1, 3} [ 60, 60, 60 ]
{2, 3} [ 60, 60, 60 ]
[
    (1, 8)(2, 9)(4, 13)(5, 12)(6, 10),
    (3, 6)(4, 7)(5, 15)(8, 10)(13, 14),
    (1, 5)(2, 3)(6, 11)(7, 15)(9, 13)
]
{1, 2} [ 60, 60, 60 ]
{1, 3} [ 60, 60, 60 ]
{2, 3} [ 60, 60, 60 ]
59
[
    [ 6, 3 ],
    [ 8, 1 ],
    [ 9, 2 ],
    [ 12, 3 ],
    [ 13, 8 ],
    [ 15, 25 ],
    [ 18, 2 ],
    [ 20, 1 ],
    [ 21, 1 ],
    [ 22, 3 ],
    [ 24, 1 ],
    [ 28, 3 ],
    [ 30, 1 ],
    [ 42, 3 ],
    [ 60, 2 ]
]
26610.520
