[
    (1, 8)(3, 11)(4, 6)(5, 7)(9, 12),
    (1, 6)(2, 8)(3, 7)(4, 12)(9, 10),
    (1, 12)(2, 11)(3, 10)(4, 8)(5, 6)
]
{1, 2} [ 8, 8, 8 ]
{1, 3} [ 8, 8, 8 ]
{2, 3} [ 8, 8, 8 ]
[
    (1, 5)(2, 9)(4, 11)(6, 7)(8, 10),
    (2, 4)(3, 10)(5, 9)(7, 12)(8, 11),
    (1, 7)(2, 5)(3, 9)(6, 11)(10, 12)
]
{1, 2} [ 9, 9, 9 ]
{1, 3} [ 9, 9, 9 ]
{2, 3} [ 9, 9, 9 ]
[
    (1, 10)(2, 7)(3, 4)(8, 11)(9, 12),
    (1, 3)(4, 7)(5, 6)(9, 11)(10, 12),
    (1, 4)(2, 8)(3, 11)(5, 10)(6, 7)
]
{1, 2} [ 10, 10, 10 ]
{1, 3} [ 10, 10, 10 ]
{2, 3} [ 10, 10, 10 ]
[
    (1, 12)(3, 10)(4, 6)(5, 7)(8, 9),
    (1, 8)(2, 6)(3, 11)(4, 12)(9, 10),
    (1, 6)(2, 11)(3, 7)(4, 8)(5, 12)
]
{1, 2} [ 10, 10, 10 ]
{1, 3} [ 10, 10, 10 ]
{2, 3} [ 10, 10, 10 ]
[
    (1, 2)(3, 5)(4, 6)(8, 9)(10, 12),
    (1, 5)(2, 6)(3, 9)(4, 12)(8, 11),
    (1, 9)(2, 3)(4, 8)(5, 12)(6, 7)
]
{1, 2} [ 11, 11, 11 ]
{1, 3} [ 11, 11, 11 ]
{2, 3} [ 11, 11, 11 ]
[
    (1, 5)(2, 4)(3, 12)(7, 8)(10, 11),
    (1, 6)(2, 4)(3, 9)(7, 10)(11, 12),
    (1, 5)(3, 9)(4, 8)(6, 10)(7, 11)
]
{1, 2} [ 21, 21, 21 ]
{1, 3} [ 21, 21, 21 ]
{2, 3} [ 21, 21, 21 ]
[
    (1, 2)(3, 8)(4, 10)(5, 6)(9, 11),
    (1, 5)(2, 7)(3, 6)(4, 11)(9, 12),
    (1, 9)(2, 8)(3, 12)(4, 7)(5, 10)
]
{1, 2} [ 35, 35, 35 ]
{1, 3} [ 35, 35, 35 ]
{2, 3} [ 35, 35, 35 ]
7
[
    [ 8, 1 ],
    [ 9, 1 ],
    [ 10, 2 ],
    [ 11, 1 ],
    [ 21, 1 ],
    [ 35, 1 ]
]
82.510
