[
    (1, 8)(2, 10)(3, 5)(6, 9)(7, 11),
    (1, 3)(2, 9)(4, 6)(5, 10)(7, 11),
    (1, 4)(2, 11)(5, 10)(6, 9)(7, 8)
]
{1, 2} [ 9, 9, 9 ]
{1, 3} [ 9, 9, 9 ]
{2, 3} [ 9, 9, 9 ]
[
    (1, 9)(2, 8)(3, 11)(4, 7)(5, 10),
    (1, 11)(2, 3)(4, 10)(5, 8)(6, 9),
    (1, 10)(2, 4)(3, 6)(7, 11)(8, 9)
]
{1, 2} [ 11, 11, 11 ]
{1, 3} [ 11, 11, 11 ]
{2, 3} [ 11, 11, 11 ]
[
    (1, 11)(2, 10)(4, 9)(5, 7)(6, 8),
    (1, 10)(2, 9)(3, 7)(5, 6)(8, 11),
    (1, 9)(2, 11)(3, 10)(4, 5)(6, 7)
]
{1, 2} [ 11, 11, 11 ]
{1, 3} [ 11, 11, 11 ]
{2, 3} [ 11, 11, 11 ]
[
    (1, 3)(2, 9)(4, 5)(6, 7)(8, 11),
    (1, 4)(2, 11)(3, 10)(5, 7)(6, 8),
    (1, 8)(2, 10)(3, 7)(4, 9)(5, 6)
]
{1, 2} [ 11, 11, 11 ]
{1, 3} [ 11, 11, 11 ]
{2, 3} [ 11, 11, 11 ]
[
    (1, 11)(2, 8)(3, 10)(4, 7)(5, 6),
    (1, 10)(2, 3)(4, 9)(5, 8)(6, 7),
    (1, 9)(2, 4)(3, 6)(5, 7)(8, 11)
]
{1, 2} [ 11, 11, 11 ]
{1, 3} [ 11, 11, 11 ]
{2, 3} [ 11, 11, 11 ]
[
    (1, 3)(2, 7)(5, 11)(6, 9)(8, 10),
    (1, 4)(2, 5)(3, 9)(6, 10)(7, 11),
    (1, 8)(2, 6)(4, 11)(5, 10)(7, 9)
]
{1, 2} [ 14, 14, 14 ]
{1, 3} [ 14, 14, 14 ]
{2, 3} [ 14, 14, 14 ]
6
[
    [ 9, 1 ],
    [ 11, 4 ],
    [ 14, 1 ]
]
15.540
