[
    (1, 3)(2, 8)(4, 6)(5, 12)(7, 10)(9, 11)(13, 14),
    (1, 6)(2, 9)(3, 14)(4, 12)(5, 11)(7, 10)(8, 13),
    (1, 14)(2, 8)(3, 12)(4, 13)(5, 11)(6, 7)(9, 10)
]
{1, 2} [ 6, 6, 6 ]
{1, 3} [ 6, 6, 6 ]
{2, 3} [ 6, 6, 6 ]
[
    (1, 12)(2, 7)(3, 10)(4, 6)(5, 8)(9, 14)(11, 13),
    (1, 9)(2, 6)(3, 13)(4, 12)(5, 10)(7, 8)(11, 14),
    (1, 2)(3, 9)(4, 13)(5, 7)(6, 14)(8, 11)(10, 12)
]
{1, 2} [ 7, 7, 7 ]
{1, 3} [ 7, 7, 7 ]
{2, 3} [ 7, 7, 7 ]
[
    (1, 6)(2, 11)(3, 8)(4, 7)(5, 14)(9, 12)(10, 13),
    (1, 8)(2, 10)(3, 12)(4, 5)(6, 11)(7, 14)(9, 13),
    (1, 5)(2, 12)(3, 7)(4, 8)(6, 9)(10, 11)(13, 14)
]
{1, 2} [ 10, 10, 10 ]
{1, 3} [ 10, 10, 10 ]
{2, 3} [ 10, 10, 10 ]
[
    (1, 6)(3, 10)(4, 12)(7, 13)(9, 11),
    (2, 9)(3, 12)(4, 13)(5, 6)(11, 14),
    (1, 2)(4, 6)(8, 12)(9, 10)(13, 14)
]
{1, 2} [ 12, 12, 12 ]
{1, 3} [ 12, 12, 12 ]
{2, 3} [ 12, 12, 12 ]
[
    (1, 13)(2, 12)(3, 9)(4, 7)(5, 10),
    (3, 6)(4, 5)(8, 11)(9, 14)(10, 13),
    (1, 9)(2, 7)(4, 8)(6, 11)(12, 14)
]
{1, 2} [ 12, 12, 12 ]
{1, 3} [ 12, 12, 12 ]
{2, 3} [ 12, 12, 12 ]
[
    (1, 9)(2, 14)(4, 7)(8, 10)(11, 12),
    (1, 10)(2, 13)(3, 9)(4, 5)(7, 11),
    (2, 5)(3, 11)(4, 8)(6, 10)(9, 14)
]
{1, 2} [ 15, 15, 15 ]
{1, 3} [ 15, 15, 15 ]
{2, 3} [ 15, 15, 15 ]
[
    (1, 11)(4, 13)(6, 9)(7, 14)(10, 12),
    (1, 5)(2, 3)(4, 6)(9, 12)(11, 13),
    (2, 6)(3, 8)(4, 12)(9, 13)(10, 14)
]
{1, 2} [ 18, 18, 18 ]
{1, 3} [ 18, 18, 18 ]
{2, 3} [ 18, 18, 18 ]
[
    (1, 4)(2, 14)(3, 13)(7, 11)(8, 9),
    (1, 10)(2, 5)(3, 4)(6, 14)(7, 9),
    (1, 12)(3, 11)(4, 14)(5, 9)(8, 10)
]
{1, 2} [ 20, 20, 20 ]
{1, 3} [ 20, 20, 20 ]
{2, 3} [ 20, 20, 20 ]
[
    (2, 9)(3, 6)(4, 11)(8, 13)(10, 14),
    (1, 11)(2, 4)(6, 7)(9, 10)(12, 14),
    (1, 13)(2, 3)(4, 10)(5, 12)(9, 11)
]
{1, 2} [ 24, 24, 24 ]
{1, 3} [ 24, 24, 24 ]
{2, 3} [ 24, 24, 24 ]
[
    (3, 6)(4, 12)(5, 14)(7, 9)(10, 13),
    (1, 8)(4, 13)(5, 9)(6, 11)(12, 14),
    (1, 13)(2, 12)(3, 7)(4, 6)(8, 9)
]
{1, 2} [ 24, 24, 24 ]
{1, 3} [ 24, 24, 24 ]
{2, 3} [ 24, 24, 24 ]
[
    (1, 2)(4, 7)(5, 6)(8, 11)(9, 13),
    (2, 7)(3, 10)(4, 5)(6, 9)(8, 12),
    (4, 8)(5, 10)(7, 13)(9, 12)(11, 14)
]
{1, 2} [ 24, 24, 24 ]
{1, 3} [ 24, 24, 24 ]
{2, 3} [ 24, 24, 24 ]
[
    (1, 9)(2, 3)(4, 8)(5, 14)(10, 12),
    (1, 8)(3, 9)(4, 7)(10, 14)(11, 13),
    (1, 11)(2, 6)(3, 7)(4, 5)(9, 14)
]
{1, 2} [ 28, 28, 28 ]
{1, 3} [ 28, 28, 28 ]
{2, 3} [ 28, 28, 28 ]
[
    (2, 9)(4, 5)(7, 12)(8, 11)(13, 14),
    (1, 6)(2, 7)(4, 8)(5, 13)(9, 10),
    (3, 12)(4, 7)(5, 10)(6, 8)(9, 11)
]
{1, 2} [ 30, 30, 30 ]
{1, 3} [ 30, 30, 30 ]
{2, 3} [ 30, 30, 30 ]
[
    (1, 5)(2, 4)(6, 9)(10, 14)(11, 12),
    (1, 11)(2, 13)(3, 8)(4, 10)(9, 12),
    (2, 3)(4, 11)(6, 10)(7, 14)(9, 13)
]
{1, 2} [ 30, 30, 30 ]
{1, 3} [ 30, 30, 30 ]
{2, 3} [ 30, 30, 30 ]
[
    (1, 11)(2, 9)(3, 12)(4, 13)(6, 8),
    (2, 3)(4, 6)(7, 12)(9, 10)(13, 14),
    (1, 6)(4, 12)(5, 13)(9, 11)(10, 14)
]
{1, 2} [ 30, 30, 30 ]
{1, 3} [ 30, 30, 30 ]
{2, 3} [ 30, 30, 30 ]
[
    (1, 11)(2, 4)(3, 13)(5, 6)(8, 9),
    (2, 3)(4, 10)(6, 14)(7, 9)(8, 12),
    (1, 12)(4, 11)(5, 9)(7, 13)(10, 14)
]
{1, 2} [ 60, 60, 60 ]
{1, 3} [ 60, 60, 60 ]
{2, 3} [ 60, 60, 60 ]
16
[
    [ 6, 1 ],
    [ 7, 1 ],
    [ 10, 1 ],
    [ 12, 2 ],
    [ 15, 1 ],
    [ 18, 1 ],
    [ 20, 1 ],
    [ 24, 3 ],
    [ 28, 1 ],
    [ 30, 3 ],
    [ 60, 1 ]
]
1610.790
