G := sub<Sym(13)|(1, 13)(2, 11)(5, 10)(7, 9)(8, 12),(4, 6)(5, 13)(7, 8)(9, 12)(10, 11),(2, 3)(5, 12)(6, 9)(7, 11)(8, 10)>;

involutions :=

[
[
    G!(1, 13)(2, 11)(5, 10)(7, 9)(8, 12),
    G!(4, 6)(5, 13)(7, 8)(9, 12)(10, 11),
    G!(2, 3)(5, 12)(6, 9)(7, 11)(8, 10)
]
,
[
    G!(1, 10)(2, 9)(3, 13)(4, 8)(6, 7),
    G!(1, 6)(2, 10)(3, 8)(4, 12)(11, 13),
    G!(1, 8)(2, 4)(3, 7)(5, 6)(12, 13)
]
,
[
    G!(2, 11)(3, 7)(4, 12)(5, 10)(8, 13),
    G!(1, 10)(3, 7)(5, 13)(6, 8)(9, 12),
    G!(1, 10)(2, 8)(4, 12)(6, 9)(7, 11)
]
,
[
    G!(1, 6)(2, 10)(3, 12)(4, 5)(8, 13),
    G!(1, 7)(2, 4)(3, 9)(6, 8)(12, 13),
    G!(1, 11)(2, 8)(3, 13)(4, 10)(6, 7)
]
,
[
    G!(1, 12)(2, 11)(3, 10)(4, 8)(7, 9),
    G!(1, 12)(3, 8)(4, 7)(5, 13)(10, 11),
    G!(1, 8)(3, 10)(4, 7)(5, 12)(6, 9)
]
,
[
    G!(2, 10)(4, 5)(6, 12)(8, 11)(9, 13),
    G!(2, 7)(3, 9)(5, 8)(6, 11)(12, 13),
    G!(1, 11)(2, 5)(6, 7)(8, 9)(10, 13)
]
,
[
    G!(2, 11)(3, 5)(4, 13)(6, 8)(9, 12),
    G!(1, 9)(2, 8)(3, 6)(5, 13)(7, 11),
    G!(1, 2)(4, 11)(5, 10)(6, 9)(8, 13)
]
,
[
    G!(3, 9)(4, 10)(5, 12)(7, 13)(8, 11),
    G!(1, 11)(3, 12)(5, 8)(6, 10)(7, 9),
    G!(1, 7)(2, 12)(4, 5)(8, 9)(10, 11)
]
,
[
    G!(2, 5)(4, 9)(6, 10)(7, 12)(8, 11),
    G!(2, 12)(3, 11)(5, 8)(7, 10)(9, 13),
    G!(1, 5)(6, 11)(7, 13)(8, 9)(10, 12)
]
,
[
    G!(1, 5)(3, 13)(4, 12)(7, 10)(8, 9),
    G!(1, 6)(3, 7)(4, 9)(8, 11)(10, 12),
    G!(1, 10)(2, 4)(3, 11)(5, 8)(7, 12)
]
,
[
    G!(1, 11)(2, 12)(5, 13)(6, 8)(7, 10),
    G!(2, 8)(4, 5)(6, 9)(7, 13)(10, 12),
    G!(2, 11)(3, 9)(6, 10)(7, 12)(8, 13)
]
,
[
    G!(1, 11)(2, 13)(3, 12)(6, 10)(7, 8),
    G!(1, 7)(2, 12)(4, 5)(6, 13)(8, 10),
    G!(2, 6)(3, 9)(4, 10)(7, 13)(8, 12)
]
,
[
    G!(3, 12)(4, 6)(5, 9)(7, 8)(11, 13),
    G!(1, 7)(2, 3)(5, 6)(8, 10)(9, 11),
    G!(1, 13)(2, 9)(4, 10)(5, 11)(8, 12)
]
,
[
    G!(2, 5)(3, 9)(6, 11)(7, 8)(10, 13),
    G!(1, 11)(2, 5)(6, 12)(8, 10)(9, 13),
    G!(2, 7)(4, 5)(6, 11)(8, 12)(9, 13)
]
,
[
    G!(1, 13)(3, 7)(4, 6)(8, 12)(10, 11),
    G!(1, 10)(2, 3)(4, 6)(5, 12)(7, 8),
    G!(1, 13)(2, 3)(4, 12)(7, 9)(8, 10)
]
,
[
    G!(1, 2)(3, 9)(4, 13)(5, 12)(8, 10),
    G!(1, 11)(3, 6)(4, 13)(7, 9)(8, 12),
    G!(1, 2)(3, 6)(4, 5)(7, 8)(10, 11)
]
,
[
    G!(1, 13)(2, 4)(6, 9)(7, 11)(8, 10),
    G!(2, 11)(3, 13)(4, 6)(5, 10)(8, 12),
    G!(1, 6)(2, 3)(5, 13)(7, 8)(9, 12)
]
,
[
    G!(1, 13)(2, 11)(3, 7)(4, 9)(8, 10),
    G!(1, 10)(3, 11)(4, 6)(5, 13)(8, 12),
    G!(1, 5)(2, 3)(4, 12)(6, 9)(7, 8)
]
,
[
    G!(3, 13)(4, 5)(6, 9)(7, 8)(11, 12),
    G!(1, 6)(2, 11)(3, 9)(5, 7)(8, 10),
    G!(1, 11)(2, 4)(5, 13)(8, 12)(9, 10)
]
,
[
    G!(1, 13)(2, 11)(3, 7)(5, 9)(8, 10),
    G!(1, 10)(4, 6)(5, 13)(8, 12)(9, 11),
    G!(2, 3)(4, 12)(5, 11)(6, 9)(7, 8)
]
,
[
    G!(1, 5)(2, 7)(3, 9)(4, 12)(6, 8),
    G!(1, 11)(2, 8)(3, 7)(4, 9)(10, 13),
    G!(1, 10)(3, 11)(4, 5)(6, 12)(8, 13)
]
,
[
    G!(1, 7)(3, 9)(6, 8)(10, 11)(12, 13),
    G!(1, 11)(2, 8)(4, 10)(5, 12)(6, 7),
    G!(2, 10)(3, 12)(4, 5)(7, 9)(8, 13)
]
,
[
    G!(1, 9)(2, 7)(3, 6)(8, 11)(10, 12),
    G!(1, 2)(4, 11)(5, 8)(7, 12)(10, 13),
    G!(3, 5)(4, 13)(6, 12)(7, 10)(8, 9)
]
,
[
    G!(1, 8)(2, 3)(4, 5)(9, 10)(12, 13),
    G!(1, 13)(3, 9)(4, 8)(6, 7)(11, 12),
    G!(1, 11)(2, 10)(3, 8)(4, 6)(5, 7)
]
,
[
    G!(1, 5)(3, 8)(6, 11)(7, 9)(12, 13),
    G!(1, 8)(2, 5)(4, 9)(6, 7)(10, 11),
    G!(2, 10)(3, 11)(4, 8)(5, 12)(9, 13)
]
,
[
    G!(1, 12)(3, 6)(7, 11)(8, 10)(9, 13),
    G!(1, 2)(4, 7)(5, 10)(6, 11)(8, 12),
    G!(2, 5)(3, 10)(4, 13)(7, 8)(9, 12)
]
,
[
    G!(1, 7)(2, 4)(5, 8)(9, 13)(10, 12),
    G!(3, 13)(4, 10)(6, 11)(7, 12)(8, 9),
    G!(1, 6)(2, 5)(3, 12)(7, 10)(8, 11)
]
,
[
    G!(1, 8)(2, 13)(3, 11)(5, 12)(6, 9),
    G!(1, 5)(2, 11)(4, 8)(6, 13)(7, 9),
    G!(2, 6)(3, 8)(4, 9)(5, 13)(10, 11)
]
,
[
    G!(1, 3)(2, 8)(4, 12)(5, 13)(6, 7),
    G!(1, 4)(2, 10)(3, 7)(6, 9)(8, 13),
    G!(1, 10)(2, 11)(3, 4)(6, 8)(12, 13)
]
,
[
    G!(1, 8)(4, 5)(7, 9)(10, 13)(11, 12),
    G!(3, 9)(4, 8)(5, 7)(6, 12)(10, 11),
    G!(1, 11)(2, 7)(3, 8)(5, 12)(9, 10)
]

];

geometries := [* *];


for i in [1..#involutions] do
	G1 := sub<G|involutions[i][2],involutions[i][3]>;
	G2 := sub<G|involutions[i][1],involutions[i][3]>;
	G3 := sub<G|involutions[i][1],involutions[i][2]>;
	Append(~geometries,CosetGeometry(G,{G1,G2,G3}));
end for;
