[
    (1, 6)(2, 11)(3, 7)(4, 8),
    (1, 3)(2, 4)(6, 8)(9, 10),
    (1, 4)(2, 6)(5, 11)(8, 10)
]
{1, 2} [ 8, 8, 8 ]
{1, 3} [ 8, 8, 8 ]
{2, 3} [ 8, 8, 8 ]
[
    (2, 6)(3, 4)(7, 11)(8, 9),
    (1, 6)(2, 5)(3, 9)(4, 10),
    (1, 7)(4, 11)(5, 10)(6, 8)
]
{1, 2} [ 20, 20, 20 ]
{1, 3} [ 20, 20, 20 ]
{2, 3} [ 20, 20, 20 ]
[
    (1, 3)(4, 5)(6, 10)(7, 11),
    (3, 9)(4, 7)(6, 11)(8, 10),
    (2, 11)(3, 6)(4, 9)(5, 10)
]
{1, 2} [ 21, 21, 21 ]
{1, 3} [ 21, 21, 21 ]
{2, 3} [ 21, 21, 21 ]
3
[
    [ 8, 1 ],
    [ 20, 1 ],
    [ 21, 1 ]
]
4.170
