[
    (1, 7)(2, 13)(3, 12)(4, 14)(5, 8)(6, 15),
    (1, 12)(2, 10)(3, 11)(4, 8)(5, 15)(7, 9),
    (1, 13)(2, 6)(3, 10)(4, 5)(8, 9)(11, 14)
]
{1, 2} [ 6, 6, 6 ]
{1, 3} [ 6, 6, 6 ]
{2, 3} [ 6, 6, 6 ]
[
    (1, 9)(2, 3)(5, 13)(6, 10)(7, 15)(11, 14),
    (1, 2)(3, 14)(6, 15)(7, 13)(8, 12)(9, 11),
    (1, 3)(2, 15)(4, 10)(6, 14)(7, 9)(11, 12)
]
{1, 2} [ 6, 6, 6 ]
{1, 3} [ 6, 6, 6 ]
{2, 3} [ 6, 6, 6 ]
[
    (1, 6)(2, 13)(4, 9)(5, 11)(7, 14)(8, 12),
    (1, 12)(3, 7)(4, 10)(5, 14)(6, 8)(11, 15),
    (2, 11)(3, 10)(4, 7)(5, 13)(6, 9)(8, 15)
]
{1, 2} [ 6, 6, 6 ]
{1, 3} [ 6, 6, 6 ]
{2, 3} [ 6, 6, 6 ]
[
    (1, 11)(2, 4)(3, 10)(6, 9)(7, 15)(13, 14),
    (1, 5)(2, 13)(3, 6)(7, 14)(9, 11)(12, 15),
    (1, 12)(2, 7)(3, 8)(6, 14)(9, 10)(11, 15)
]
{1, 2} [ 7, 7, 7 ]
{1, 3} [ 7, 7, 7 ]
{2, 3} [ 7, 7, 7 ]
[
    (1, 11)(2, 8)(3, 12)(6, 7)(9, 14)(10, 15),
    (1, 4)(2, 10)(3, 6)(7, 11)(9, 13)(14, 15),
    (1, 13)(2, 7)(3, 5)(6, 11)(9, 15)(12, 14)
]
{1, 2} [ 7, 7, 7 ]
{1, 3} [ 7, 7, 7 ]
{2, 3} [ 7, 7, 7 ]
[
    (1, 6)(2, 9)(3, 8)(4, 15)(5, 11)(7, 13),
    (1, 14)(2, 4)(3, 7)(5, 9)(6, 8)(11, 12),
    (1, 5)(2, 11)(3, 15)(4, 7)(6, 10)(8, 14)
]
{1, 2} [ 7, 7, 7 ]
{1, 3} [ 7, 7, 7 ]
{2, 3} [ 7, 7, 7 ]
[
    (1, 12)(2, 3)(4, 10)(5, 7)(8, 11)(9, 13),
    (1, 2)(3, 10)(4, 6)(5, 13)(8, 11)(12, 14),
    (1, 3)(2, 13)(4, 6)(5, 7)(8, 12)(10, 15)
]
{1, 2} [ 8, 8, 8 ]
{1, 3} [ 8, 8, 8 ]
{2, 3} [ 8, 8, 8 ]
[
    (1, 14)(4, 15)(5, 9)(6, 8)(10, 12)(11, 13),
    (3, 15)(4, 7)(5, 9)(6, 12)(8, 14)(10, 13),
    (2, 9)(4, 15)(5, 11)(7, 10)(8, 14)(12, 13)
]
{1, 2} [ 8, 8, 8 ]
{1, 3} [ 8, 8, 8 ]
{2, 3} [ 8, 8, 8 ]
[
    (3, 6)(4, 15)(5, 12)(7, 8)(9, 10)(13, 14),
    (2, 7)(4, 11)(5, 9)(8, 10)(12, 15)(13, 14),
    (1, 11)(4, 13)(5, 6)(8, 14)(9, 10)(12, 15)
]
{1, 2} [ 10, 10, 10 ]
{1, 3} [ 10, 10, 10 ]
{2, 3} [ 10, 10, 10 ]
[
    (2, 8)(4, 14)(6, 7)(9, 12)(10, 11)(13, 15),
    (1, 4)(5, 15)(6, 13)(7, 11)(9, 12)(10, 14),
    (3, 5)(6, 11)(7, 12)(8, 9)(10, 14)(13, 15)
]
{1, 2} [ 10, 10, 10 ]
{1, 3} [ 10, 10, 10 ]
{2, 3} [ 10, 10, 10 ]
[
    (1, 2)(3, 11)(5, 14)(6, 12)(7, 8)(10, 13),
    (1, 3)(2, 6)(4, 11)(7, 10)(8, 15)(12, 13),
    (1, 7)(2, 3)(4, 9)(5, 6)(10, 12)(11, 13)
]
{1, 2} [ 12, 12, 12 ]
{1, 3} [ 12, 12, 12 ]
{2, 3} [ 12, 12, 12 ]
[
    (1, 14)(3, 15)(4, 12)(5, 6)(7, 11)(9, 13),
    (2, 9)(3, 15)(5, 10)(6, 11)(7, 8)(12, 14),
    (1, 14)(2, 9)(4, 11)(6, 7)(8, 13)(10, 15)
]
{1, 2} [ 12, 12, 12 ]
{1, 3} [ 12, 12, 12 ]
{2, 3} [ 12, 12, 12 ]
[
    (1, 6)(2, 10)(4, 15)(5, 13)(8, 9)(12, 14),
    (1, 13)(3, 7)(4, 14)(5, 9)(8, 12)(10, 15),
    (2, 11)(3, 12)(4, 10)(5, 15)(8, 14)(9, 13)
]
{1, 2} [ 12, 12, 12 ]
{1, 3} [ 12, 12, 12 ]
{2, 3} [ 12, 12, 12 ]
[
    (1, 14)(2, 10)(3, 15)(4, 13)(5, 11)(9, 12),
    (1, 9)(2, 12)(3, 14)(4, 7)(8, 10)(13, 15),
    (1, 15)(2, 13)(3, 9)(5, 12)(6, 8)(10, 14)
]
{1, 2} [ 12, 12, 12 ]
{1, 3} [ 12, 12, 12 ]
{2, 3} [ 12, 12, 12 ]
[
    (1, 13)(2, 10)(3, 15)(4, 14)(5, 11)(9, 12),
    (1, 10)(2, 12)(3, 14)(4, 7)(8, 9)(13, 15),
    (1, 12)(2, 13)(3, 9)(5, 15)(6, 8)(10, 14)
]
{1, 2} [ 12, 12, 12 ]
{1, 3} [ 12, 12, 12 ]
{2, 3} [ 12, 12, 12 ]
[
    (1, 15)(2, 7)(4, 8)(5, 11)(6, 9)(13, 14),
    (1, 11)(3, 9)(4, 5)(6, 8)(7, 14)(12, 15),
    (2, 14)(3, 6)(4, 7)(5, 8)(9, 10)(11, 15)
]
{1, 2} [ 20, 20, 20 ]
{1, 3} [ 20, 20, 20 ]
{2, 3} [ 20, 20, 20 ]
[
    (1, 12)(2, 7)(3, 4)(5, 10)(6, 8)(9, 11),
    (1, 13)(2, 6)(3, 8)(4, 12)(5, 11)(7, 15),
    (1, 10)(2, 11)(3, 5)(4, 7)(6, 14)(8, 13)
]
{1, 2} [ 20, 20, 20 ]
{1, 3} [ 20, 20, 20 ]
{2, 3} [ 20, 20, 20 ]
[
    (1, 13)(2, 4)(3, 15)(5, 11)(8, 10)(9, 12),
    (1, 5)(2, 9)(3, 12)(4, 13)(6, 8)(10, 14),
    (1, 14)(2, 10)(3, 8)(4, 7)(5, 12)(13, 15)
]
{1, 2} [ 20, 20, 20 ]
{1, 3} [ 20, 20, 20 ]
{2, 3} [ 20, 20, 20 ]
[
    (1, 7)(2, 13)(3, 12)(4, 14)(6, 15)(8, 9),
    (1, 12)(2, 10)(3, 11)(4, 14)(5, 15)(7, 9),
    (1, 13)(2, 6)(3, 10)(5, 15)(8, 9)(11, 14)
]
{1, 2} [ 21, 21, 21 ]
{1, 3} [ 21, 21, 21 ]
{2, 3} [ 21, 21, 21 ]
[
    (1, 10)(2, 7)(3, 11)(5, 12)(6, 15)(8, 9),
    (1, 12)(2, 6)(3, 7)(4, 13)(5, 15)(11, 14),
    (1, 13)(2, 11)(3, 6)(4, 14)(7, 9)(8, 10)
]
{1, 2} [ 22, 22, 22 ]
{1, 3} [ 22, 22, 22 ]
{2, 3} [ 22, 22, 22 ]
[
    (1, 13)(3, 15)(4, 12)(5, 6)(7, 11)(9, 10),
    (2, 9)(3, 12)(5, 10)(6, 11)(7, 8)(13, 14),
    (1, 14)(2, 10)(4, 11)(6, 7)(8, 13)(12, 15)
]
{1, 2} [ 24, 24, 24 ]
{1, 3} [ 24, 24, 24 ]
{2, 3} [ 24, 24, 24 ]
[
    (1, 6)(2, 9)(3, 8)(4, 15)(5, 11)(7, 13),
    (1, 11)(2, 15)(3, 5)(4, 7)(6, 10)(8, 14),
    (1, 7)(2, 14)(3, 4)(5, 9)(6, 8)(11, 12)
]
{1, 2} [ 24, 24, 24 ]
{1, 3} [ 24, 24, 24 ]
{2, 3} [ 24, 24, 24 ]
[
    (1, 3)(2, 15)(4, 6)(5, 13)(8, 11)(9, 12),
    (1, 9)(2, 3)(4, 6)(5, 7)(8, 12)(10, 14),
    (1, 2)(3, 14)(4, 10)(5, 7)(8, 11)(13, 15)
]
{1, 2} [ 24, 24, 24 ]
{1, 3} [ 24, 24, 24 ]
{2, 3} [ 24, 24, 24 ]
[
    (1, 9)(2, 13)(3, 6)(4, 7)(10, 15)(11, 12),
    (1, 15)(2, 10)(3, 11)(6, 8)(7, 13)(12, 14),
    (1, 14)(2, 12)(3, 7)(5, 11)(6, 10)(9, 13)
]
{1, 2} [ 24, 24, 24 ]
{1, 3} [ 24, 24, 24 ]
{2, 3} [ 24, 24, 24 ]
[
    (1, 7)(2, 14)(3, 11)(4, 10)(5, 6)(12, 15),
    (1, 6)(2, 9)(3, 7)(4, 11)(8, 12)(13, 14),
    (1, 11)(2, 15)(3, 6)(5, 13)(7, 8)(9, 10)
]
{1, 2} [ 24, 24, 24 ]
{1, 3} [ 24, 24, 24 ]
{2, 3} [ 24, 24, 24 ]
[
    (1, 14)(2, 13)(3, 6)(4, 7)(10, 15)(11, 12),
    (1, 9)(2, 10)(3, 11)(6, 8)(7, 13)(12, 14),
    (1, 15)(2, 12)(3, 7)(5, 11)(6, 10)(9, 13)
]
{1, 2} [ 24, 24, 24 ]
{1, 3} [ 24, 24, 24 ]
{2, 3} [ 24, 24, 24 ]
[
    (1, 7)(2, 5)(3, 10)(6, 15)(8, 13)(12, 14),
    (1, 6)(2, 4)(3, 12)(5, 10)(9, 13)(11, 14),
    (1, 11)(2, 8)(3, 13)(4, 12)(7, 9)(10, 15)
]
{1, 2} [ 24, 24, 24 ]
{1, 3} [ 24, 24, 24 ]
{2, 3} [ 24, 24, 24 ]
[
    (1, 6)(3, 12)(4, 5)(7, 10)(8, 11)(13, 15),
    (2, 10)(3, 7)(4, 6)(5, 8)(9, 12)(11, 13),
    (1, 13)(2, 11)(4, 8)(5, 7)(6, 12)(10, 14)
]
{1, 2} [ 24, 24, 24 ]
{1, 3} [ 24, 24, 24 ]
{2, 3} [ 24, 24, 24 ]
[
    (1, 11)(2, 8)(3, 6)(5, 14)(7, 13)(10, 15),
    (1, 4)(2, 7)(3, 6)(8, 15)(9, 13)(11, 12),
    (1, 11)(2, 7)(3, 5)(4, 9)(6, 10)(12, 14)
]
{1, 2} [ 28, 28, 28 ]
{1, 3} [ 28, 28, 28 ]
{2, 3} [ 28, 28, 28 ]
[
    (1, 7)(2, 5)(3, 13)(4, 6)(8, 9)(10, 14),
    (1, 6)(2, 4)(3, 10)(5, 15)(8, 11)(9, 12),
    (1, 11)(2, 8)(3, 12)(4, 14)(5, 7)(13, 15)
]
{1, 2} [ 28, 28, 28 ]
{1, 3} [ 28, 28, 28 ]
{2, 3} [ 28, 28, 28 ]
[
    (1, 4)(3, 5)(7, 14)(8, 9)(10, 11)(12, 15),
    (2, 8)(3, 5)(4, 14)(6, 13)(9, 10)(11, 15),
    (1, 4)(2, 8)(5, 15)(6, 9)(7, 12)(13, 14)
]
{1, 2} [ 28, 28, 28 ]
{1, 3} [ 28, 28, 28 ]
{2, 3} [ 28, 28, 28 ]
[
    (2, 10)(3, 13)(4, 8)(5, 6)(7, 15)(12, 14),
    (1, 13)(2, 12)(4, 5)(7, 8)(9, 11)(10, 15),
    (1, 10)(3, 12)(4, 11)(5, 8)(6, 14)(9, 13)
]
{1, 2} [ 30, 30, 30 ]
{1, 3} [ 30, 30, 30 ]
{2, 3} [ 30, 30, 30 ]
[
    (1, 15)(3, 13)(5, 11)(6, 12)(7, 8)(9, 10),
    (2, 12)(3, 9)(4, 11)(6, 8)(7, 10)(13, 14),
    (1, 10)(2, 14)(4, 7)(5, 6)(11, 13)(12, 15)
]
{1, 2} [ 30, 30, 30 ]
{1, 3} [ 30, 30, 30 ]
{2, 3} [ 30, 30, 30 ]
[
    (1, 14)(2, 8)(4, 6)(5, 9)(10, 12)(11, 13),
    (1, 4)(3, 15)(5, 7)(6, 12)(8, 14)(10, 13),
    (2, 9)(3, 5)(4, 15)(7, 10)(8, 11)(12, 13)
]
{1, 2} [ 30, 30, 30 ]
{1, 3} [ 30, 30, 30 ]
{2, 3} [ 30, 30, 30 ]
[
    (1, 9)(2, 6)(3, 13)(4, 10)(5, 14)(11, 15),
    (1, 15)(2, 11)(3, 10)(4, 9)(7, 14)(8, 12),
    (1, 14)(2, 7)(3, 12)(5, 13)(6, 9)(8, 15)
]
{1, 2} [ 30, 30, 30 ]
{1, 3} [ 30, 30, 30 ]
{2, 3} [ 30, 30, 30 ]
[
    (1, 15)(2, 10)(3, 11)(4, 12)(5, 7)(6, 9),
    (1, 13)(2, 6)(3, 9)(5, 10)(7, 14)(8, 11),
    (1, 7)(2, 14)(3, 12)(4, 6)(8, 13)(11, 15)
]
{1, 2} [ 30, 30, 30 ]
{1, 3} [ 30, 30, 30 ]
{2, 3} [ 30, 30, 30 ]
[
    (1, 11)(4, 10)(5, 8)(6, 12)(7, 14)(9, 13),
    (3, 6)(4, 8)(5, 13)(7, 10)(11, 15)(12, 14),
    (2, 7)(4, 5)(6, 9)(8, 12)(10, 15)(11, 13)
]
{1, 2} [ 33, 33, 33 ]
{1, 3} [ 33, 33, 33 ]
{2, 3} [ 33, 33, 33 ]
[
    (1, 3)(2, 15)(4, 6)(7, 8)(9, 11)(10, 14),
    (1, 9)(2, 3)(4, 11)(5, 7)(6, 14)(13, 15),
    (1, 2)(3, 14)(5, 6)(7, 15)(8, 11)(9, 12)
]
{1, 2} [ 33, 33, 33 ]
{1, 3} [ 33, 33, 33 ]
{2, 3} [ 33, 33, 33 ]
[
    (1, 12)(2, 4)(3, 9)(5, 7)(6, 10)(11, 13),
    (1, 5)(2, 14)(3, 10)(6, 12)(7, 13)(8, 11),
    (1, 15)(2, 13)(3, 8)(4, 6)(7, 10)(11, 12)
]
{1, 2} [ 33, 33, 33 ]
{1, 3} [ 33, 33, 33 ]
{2, 3} [ 33, 33, 33 ]
[
    (1, 7)(2, 6)(3, 10)(8, 9)(11, 14)(13, 15),
    (1, 6)(2, 11)(3, 12)(5, 15)(7, 9)(10, 14),
    (1, 11)(2, 7)(3, 13)(4, 14)(6, 15)(9, 12)
]
{1, 2} [ 33, 33, 33 ]
{1, 3} [ 33, 33, 33 ]
{2, 3} [ 33, 33, 33 ]
[
    (1, 8)(2, 10)(3, 4)(5, 7)(6, 12)(9, 13),
    (1, 5)(2, 12)(3, 8)(4, 6)(10, 15)(11, 13),
    (1, 4)(2, 13)(3, 5)(7, 10)(8, 11)(12, 14)
]
{1, 2} [ 33, 33, 33 ]
{1, 3} [ 33, 33, 33 ]
{2, 3} [ 33, 33, 33 ]
[
    (1, 2)(3, 15)(6, 7)(8, 14)(9, 13)(10, 11),
    (1, 3)(2, 9)(4, 15)(6, 13)(7, 11)(12, 14),
    (1, 14)(2, 3)(5, 9)(6, 11)(7, 12)(10, 15)
]
{1, 2} [ 33, 33, 33 ]
{1, 3} [ 33, 33, 33 ]
{2, 3} [ 33, 33, 33 ]
[
    (1, 5)(2, 13)(3, 6)(4, 11)(7, 14)(10, 12),
    (1, 12)(2, 7)(3, 8)(5, 6)(10, 13)(11, 15),
    (1, 11)(2, 4)(3, 10)(6, 9)(7, 8)(12, 13)
]
{1, 2} [ 33, 33, 33 ]
{1, 3} [ 33, 33, 33 ]
{2, 3} [ 33, 33, 33 ]
[
    (1, 14)(2, 9)(3, 12)(4, 13)(7, 10)(11, 15),
    (1, 14)(2, 10)(3, 15)(5, 12)(6, 9)(11, 13),
    (1, 13)(2, 9)(3, 15)(6, 12)(7, 14)(8, 10)
]
{1, 2} [ 35, 35, 35 ]
{1, 3} [ 35, 35, 35 ]
{2, 3} [ 35, 35, 35 ]
[
    (1, 8)(2, 7)(3, 10)(4, 15)(5, 11)(9, 13),
    (1, 11)(2, 13)(3, 4)(5, 9)(6, 8)(12, 14),
    (1, 12)(2, 5)(3, 6)(4, 7)(8, 14)(10, 15)
]
{1, 2} [ 36, 36, 36 ]
{1, 3} [ 36, 36, 36 ]
{2, 3} [ 36, 36, 36 ]
[
    (2, 5)(3, 15)(4, 10)(7, 9)(8, 11)(12, 13),
    (1, 8)(2, 9)(4, 6)(5, 13)(10, 12)(11, 14),
    (1, 14)(3, 4)(5, 7)(6, 15)(8, 12)(10, 13)
]
{1, 2} [ 36, 36, 36 ]
{1, 3} [ 36, 36, 36 ]
{2, 3} [ 36, 36, 36 ]
[
    (1, 5)(2, 7)(3, 15)(4, 12)(6, 8)(13, 14),
    (1, 11)(2, 9)(3, 8)(4, 7)(5, 10)(12, 15),
    (1, 14)(2, 4)(3, 6)(5, 11)(8, 13)(9, 10)
]
{1, 2} [ 36, 36, 36 ]
{1, 3} [ 36, 36, 36 ]
{2, 3} [ 36, 36, 36 ]
[
    (1, 10)(2, 11)(3, 6)(4, 15)(5, 12)(7, 9),
    (1, 12)(2, 7)(3, 11)(4, 13)(6, 15)(8, 14),
    (1, 13)(2, 6)(3, 7)(5, 9)(8, 10)(11, 14)
]
{1, 2} [ 36, 36, 36 ]
{1, 3} [ 36, 36, 36 ]
{2, 3} [ 36, 36, 36 ]
[
    (2, 9)(3, 6)(4, 8)(5, 15)(10, 14)(11, 12),
    (1, 14)(2, 7)(4, 5)(6, 10)(8, 9)(13, 15),
    (1, 11)(3, 15)(4, 14)(5, 8)(7, 13)(9, 12)
]
{1, 2} [ 40, 40, 40 ]
{1, 3} [ 40, 40, 40 ]
{2, 3} [ 40, 40, 40 ]
[
    (1, 4)(2, 9)(3, 12)(6, 10)(8, 14)(11, 15),
    (1, 8)(2, 15)(3, 13)(5, 9)(7, 14)(11, 12),
    (1, 5)(2, 14)(3, 10)(4, 15)(6, 9)(7, 13)
]
{1, 2} [ 40, 40, 40 ]
{1, 3} [ 40, 40, 40 ]
{2, 3} [ 40, 40, 40 ]
[
    (1, 8)(2, 7)(3, 10)(4, 15)(5, 11)(9, 13),
    (1, 5)(2, 6)(3, 12)(4, 7)(8, 14)(10, 15),
    (1, 4)(2, 11)(3, 13)(5, 9)(6, 8)(12, 14)
]
{1, 2} [ 40, 40, 40 ]
{1, 3} [ 40, 40, 40 ]
{2, 3} [ 40, 40, 40 ]
[
    (1, 11)(2, 8)(3, 6)(5, 14)(7, 13)(10, 15),
    (1, 7)(2, 5)(3, 11)(4, 9)(6, 10)(12, 14),
    (1, 6)(2, 4)(3, 7)(8, 15)(9, 13)(11, 12)
]
{1, 2} [ 40, 40, 40 ]
{1, 3} [ 40, 40, 40 ]
{2, 3} [ 40, 40, 40 ]
[
    (1, 15)(2, 10)(3, 11)(4, 12)(5, 7)(6, 9),
    (1, 14)(2, 12)(3, 7)(4, 6)(8, 13)(11, 15),
    (1, 9)(2, 13)(3, 6)(5, 10)(7, 14)(8, 11)
]
{1, 2} [ 42, 42, 42 ]
{1, 3} [ 42, 42, 42 ]
{2, 3} [ 42, 42, 42 ]
[
    (1, 10)(2, 11)(3, 6)(4, 15)(5, 12)(7, 9),
    (1, 6)(2, 7)(3, 13)(5, 9)(8, 10)(11, 14),
    (1, 11)(2, 12)(3, 7)(4, 13)(6, 15)(8, 14)
]
{1, 2} [ 42, 42, 42 ]
{1, 3} [ 42, 42, 42 ]
{2, 3} [ 42, 42, 42 ]
[
    (2, 8)(3, 11)(5, 12)(6, 7)(9, 13)(14, 15),
    (1, 4)(2, 6)(7, 11)(8, 10)(9, 15)(12, 14),
    (1, 7)(3, 5)(4, 13)(6, 11)(9, 14)(10, 15)
]
{1, 2} [ 42, 42, 42 ]
{1, 3} [ 42, 42, 42 ]
{2, 3} [ 42, 42, 42 ]
[
    (2, 9)(3, 4)(5, 15)(7, 12)(10, 13)(11, 14),
    (1, 14)(2, 5)(6, 15)(8, 9)(10, 11)(12, 13),
    (1, 8)(3, 15)(4, 14)(6, 13)(7, 9)(10, 12)
]
{1, 2} [ 42, 42, 42 ]
{1, 3} [ 42, 42, 42 ]
{2, 3} [ 42, 42, 42 ]
[
    (1, 12)(2, 9)(3, 14)(6, 10)(7, 11)(8, 15),
    (1, 14)(2, 15)(3, 10)(4, 9)(6, 11)(7, 13),
    (1, 9)(2, 13)(3, 15)(5, 14)(6, 7)(11, 12)
]
{1, 2} [ 45, 45, 45 ]
{1, 3} [ 45, 45, 45 ]
{2, 3} [ 45, 45, 45 ]
[
    (1, 14)(2, 9)(3, 12)(4, 13)(7, 10)(11, 15),
    (1, 9)(2, 15)(3, 13)(6, 12)(7, 14)(8, 10),
    (1, 15)(2, 14)(3, 10)(5, 12)(6, 9)(11, 13)
]
{1, 2} [ 45, 45, 45 ]
{1, 3} [ 45, 45, 45 ]
{2, 3} [ 45, 45, 45 ]
[
    (1, 4)(2, 15)(3, 8)(5, 12)(10, 14)(11, 13),
    (1, 8)(2, 14)(3, 5)(4, 13)(7, 10)(9, 12),
    (1, 5)(2, 9)(3, 4)(6, 12)(8, 10)(13, 15)
]
{1, 2} [ 45, 45, 45 ]
{1, 3} [ 45, 45, 45 ]
{2, 3} [ 45, 45, 45 ]
[
    (1, 9)(2, 7)(3, 10)(4, 14)(5, 12)(11, 15),
    (1, 15)(2, 6)(3, 12)(4, 13)(7, 14)(8, 9),
    (1, 14)(2, 11)(3, 13)(5, 15)(6, 9)(8, 10)
]
{1, 2} [ 60, 60, 60 ]
{1, 3} [ 60, 60, 60 ]
{2, 3} [ 60, 60, 60 ]
[
    (1, 8)(2, 15)(3, 6)(4, 11)(5, 12)(10, 14),
    (1, 5)(2, 14)(3, 11)(4, 13)(7, 8)(9, 12),
    (1, 4)(2, 9)(3, 7)(5, 6)(8, 10)(13, 15)
]
{1, 2} [ 60, 60, 60 ]
{1, 3} [ 60, 60, 60 ]
{2, 3} [ 60, 60, 60 ]
[
    (1, 8)(2, 15)(3, 6)(4, 11)(5, 12)(10, 14),
    (1, 9)(2, 7)(3, 4)(5, 6)(8, 10)(13, 15),
    (1, 11)(2, 5)(3, 14)(4, 13)(7, 8)(9, 12)
]
{1, 2} [ 60, 60, 60 ]
{1, 3} [ 60, 60, 60 ]
{2, 3} [ 60, 60, 60 ]
[
    (2, 4)(3, 10)(5, 9)(6, 11)(7, 14)(8, 12),
    (1, 5)(2, 13)(4, 10)(6, 7)(8, 14)(11, 15),
    (1, 12)(3, 8)(4, 15)(5, 13)(6, 9)(7, 11)
]
{1, 2} [ 105, 105, 105 ]
{1, 3} [ 105, 105, 105 ]
{2, 3} [ 105, 105, 105 ]
[
    (1, 7)(2, 5)(3, 10)(6, 15)(8, 9)(12, 14),
    (1, 6)(2, 4)(3, 12)(5, 15)(9, 13)(11, 14),
    (1, 11)(2, 8)(3, 13)(4, 14)(7, 9)(10, 15)
]
{1, 2} [ 105, 105, 105 ]
{1, 3} [ 105, 105, 105 ]
{2, 3} [ 105, 105, 105 ]
[
    (2, 13)(3, 4)(6, 8)(7, 9)(10, 11)(12, 15),
    (1, 12)(2, 5)(4, 7)(6, 13)(9, 10)(11, 14),
    (1, 8)(3, 10)(5, 11)(6, 15)(7, 12)(13, 14)
]
{1, 2} [ 105, 105, 105 ]
{1, 3} [ 105, 105, 105 ]
{2, 3} [ 105, 105, 105 ]
65
[
    [ 6, 3 ],
    [ 7, 3 ],
    [ 8, 2 ],
    [ 10, 2 ],
    [ 12, 5 ],
    [ 20, 3 ],
    [ 21, 1 ],
    [ 22, 1 ],
    [ 24, 8 ],
    [ 28, 3 ],
    [ 30, 5 ],
    [ 33, 7 ],
    [ 35, 1 ],
    [ 36, 4 ],
    [ 40, 4 ],
    [ 42, 4 ],
    [ 45, 3 ],
    [ 60, 3 ],
    [ 105, 3 ]
]
27749.760
