[
    (1, 10)(2, 7)(4, 5)(8, 9),
    (1, 2)(3, 6)(4, 9)(5, 7),
    (1, 3)(4, 6)(5, 9)(8, 10)
]
{1, 2} [ 8, 8, 8 ]
{1, 3} [ 8, 8, 8 ]
{2, 3} [ 8, 8, 8 ]
[
    (1, 3)(2, 7)(5, 10)(8, 9),
    (1, 10)(2, 4)(3, 6)(5, 7),
    (1, 2)(3, 9)(4, 6)(8, 10)
]
{1, 2} [ 8, 8, 8 ]
{1, 3} [ 8, 8, 8 ]
{2, 3} [ 8, 8, 8 ]
[
    (1, 7)(2, 8)(3, 10)(4, 6),
    (1, 6)(2, 10)(3, 7)(8, 9),
    (1, 8)(2, 3)(5, 7)(6, 10)
]
{1, 2} [ 9, 9, 9 ]
{1, 3} [ 9, 9, 9 ]
{2, 3} [ 9, 9, 9 ]
[
    (1, 8)(3, 4)(5, 9)(6, 10),
    (1, 7)(2, 8)(4, 5)(9, 10),
    (1, 6)(2, 5)(3, 7)(4, 9)
]
{1, 2} [ 12, 12, 12 ]
{1, 3} [ 12, 12, 12 ]
{2, 3} [ 12, 12, 12 ]
[
    (1, 2)(3, 6)(4, 7)(5, 8),
    (1, 3)(4, 7)(6, 9)(8, 10),
    (1, 10)(2, 7)(5, 8)(6, 9)
]
{1, 2} [ 15, 15, 15 ]
{1, 3} [ 15, 15, 15 ]
{2, 3} [ 15, 15, 15 ]
[
    (1, 4)(2, 5)(3, 7)(8, 10),
    (1, 9)(2, 7)(3, 4)(6, 10),
    (1, 5)(2, 8)(3, 6)(9, 10)
]
{1, 2} [ 21, 21, 21 ]
{1, 3} [ 21, 21, 21 ]
{2, 3} [ 21, 21, 21 ]
6
[
    [ 8, 2 ],
    [ 9, 1 ],
    [ 12, 1 ],
    [ 15, 1 ],
    [ 21, 1 ]
]
3.680
