[
    (1, 13)(3, 7)(4, 10)(11, 12),
    (2, 7)(3, 4)(6, 8)(9, 10),
    (1, 7)(2, 8)(5, 6)(11, 13)
]
{1, 2} [ 6, 6, 6 ]
{1, 3} [ 6, 6, 6 ]
{2, 3} [ 6, 6, 6 ]
[
    (1, 4)(2, 13)(3, 12)(5, 7)(6, 9)(10, 11),
    (1, 4)(2, 9)(3, 8)(5, 11)(6, 10)(7, 12),
    (1, 5)(2, 13)(3, 8)(6, 11)(7, 9)(10, 12)
]
{1, 2} [ 11, 11, 11 ]
{1, 3} [ 11, 11, 11 ]
{2, 3} [ 11, 11, 11 ]
[
    (1, 7)(3, 6)(4, 9)(5, 11)(8, 13)(10, 12),
    (2, 11)(3, 7)(4, 13)(5, 8)(6, 9)(10, 12),
    (1, 10)(2, 7)(4, 8)(5, 11)(6, 9)(12, 13)
]
{1, 2} [ 11, 11, 11 ]
{1, 3} [ 11, 11, 11 ]
{2, 3} [ 11, 11, 11 ]
[
    (1, 9)(2, 10)(4, 12)(5, 13)(6, 11)(7, 8),
    (1, 6)(3, 5)(4, 12)(7, 13)(8, 9)(10, 11),
    (2, 12)(3, 11)(4, 7)(5, 13)(6, 10)(8, 9)
]
{1, 2} [ 11, 11, 11 ]
{1, 3} [ 11, 11, 11 ]
{2, 3} [ 11, 11, 11 ]
[
    (1, 4)(2, 6)(3, 8)(5, 7)(10, 12)(11, 13),
    (1, 11)(2, 13)(3, 8)(4, 10)(6, 9)(7, 12),
    (1, 4)(2, 13)(3, 10)(5, 11)(6, 8)(7, 9)
]
{1, 2} [ 11, 11, 11 ]
{1, 3} [ 11, 11, 11 ]
{2, 3} [ 11, 11, 11 ]
[
    (1, 4)(3, 6)(7, 13)(9, 11),
    (2, 11)(3, 8)(4, 7)(5, 10),
    (1, 10)(2, 13)(6, 12)(7, 8)
]
{1, 2} [ 12, 12, 12 ]
{1, 3} [ 12, 12, 12 ]
{2, 3} [ 12, 12, 12 ]
[
    (1, 8)(2, 12)(3, 10)(4, 5)(6, 7)(9, 11),
    (1, 4)(2, 5)(3, 11)(6, 12)(7, 10)(9, 13),
    (1, 13)(2, 9)(3, 6)(5, 10)(7, 11)(8, 12)
]
{1, 2} [ 13, 13, 13 ]
{1, 3} [ 13, 13, 13 ]
{2, 3} [ 13, 13, 13 ]
[
    (1, 7)(2, 9)(3, 6)(4, 10)(5, 13)(8, 11),
    (1, 5)(2, 11)(3, 7)(4, 12)(6, 8)(10, 13),
    (1, 10)(2, 7)(3, 12)(4, 6)(8, 9)(11, 13)
]
{1, 2} [ 13, 13, 13 ]
{1, 3} [ 13, 13, 13 ]
{2, 3} [ 13, 13, 13 ]
[
    (1, 8)(2, 7)(3, 6)(4, 12)(9, 10)(11, 13),
    (1, 7)(2, 11)(3, 13)(4, 10)(5, 6)(8, 9),
    (1, 10)(2, 4)(3, 7)(5, 13)(6, 8)(11, 12)
]
{1, 2} [ 13, 13, 13 ]
{1, 3} [ 13, 13, 13 ]
{2, 3} [ 13, 13, 13 ]
[
    (1, 13)(2, 9)(3, 6)(4, 11)(5, 10)(7, 8),
    (1, 8)(2, 12)(3, 10)(4, 7)(6, 13)(9, 11),
    (1, 4)(2, 5)(3, 11)(6, 12)(7, 13)(8, 10)
]
{1, 2} [ 13, 13, 13 ]
{1, 3} [ 13, 13, 13 ]
{2, 3} [ 13, 13, 13 ]
[
    (1, 8)(2, 5)(3, 11)(4, 13)(6, 10)(7, 9),
    (1, 12)(2, 10)(3, 13)(4, 8)(5, 7)(6, 11),
    (1, 6)(2, 4)(3, 9)(7, 12)(8, 13)(10, 11)
]
{1, 2} [ 13, 13, 13 ]
{1, 3} [ 13, 13, 13 ]
{2, 3} [ 13, 13, 13 ]
[
    (1, 2)(3, 5)(4, 7)(6, 8)(9, 13)(11, 12),
    (1, 3)(2, 12)(4, 5)(7, 8)(9, 10)(11, 13),
    (1, 9)(2, 3)(4, 10)(5, 6)(7, 13)(8, 12)
]
{1, 2} [ 13, 13, 13 ]
{1, 3} [ 13, 13, 13 ]
{2, 3} [ 13, 13, 13 ]
[
    (1, 12)(2, 3)(4, 10)(5, 13)(6, 9)(7, 11),
    (1, 2)(3, 9)(4, 12)(5, 11)(6, 8)(7, 10),
    (1, 3)(2, 5)(6, 7)(8, 9)(10, 12)(11, 13)
]
{1, 2} [ 13, 13, 13 ]
{1, 3} [ 13, 13, 13 ]
{2, 3} [ 13, 13, 13 ]
[
    (1, 13)(3, 10)(4, 8)(5, 12)(6, 9)(7, 11),
    (2, 6)(3, 4)(5, 11)(7, 10)(8, 13)(9, 12),
    (1, 11)(2, 8)(4, 13)(5, 9)(6, 7)(10, 12)
]
{1, 2} [ 13, 13, 13 ]
{1, 3} [ 13, 13, 13 ]
{2, 3} [ 13, 13, 13 ]
[
    (1, 6)(2, 4)(3, 5)(7, 13)(8, 10)(9, 11),
    (1, 8)(2, 12)(3, 11)(4, 7)(5, 10)(6, 13),
    (1, 9)(2, 10)(3, 13)(4, 11)(6, 12)(7, 8)
]
{1, 2} [ 13, 13, 13 ]
{1, 3} [ 13, 13, 13 ]
{2, 3} [ 13, 13, 13 ]
[
    (1, 5)(2, 6)(3, 7)(4, 9)(8, 12)(11, 13),
    (1, 11)(2, 7)(3, 12)(4, 10)(5, 8)(9, 13),
    (1, 7)(2, 9)(3, 10)(4, 5)(6, 8)(12, 13)
]
{1, 2} [ 13, 13, 13 ]
{1, 3} [ 13, 13, 13 ]
{2, 3} [ 13, 13, 13 ]
[
    (1, 7)(3, 13)(4, 10)(5, 8)(6, 9)(11, 12),
    (2, 4)(3, 7)(5, 11)(6, 8)(9, 10)(12, 13),
    (1, 8)(2, 7)(4, 9)(5, 6)(10, 12)(11, 13)
]
{1, 2} [ 13, 13, 13 ]
{1, 3} [ 13, 13, 13 ]
{2, 3} [ 13, 13, 13 ]
[
    (1, 2)(3, 12)(4, 13)(5, 6)(7, 10)(8, 11),
    (1, 3)(2, 9)(4, 8)(6, 7)(10, 13)(11, 12),
    (1, 5)(2, 3)(4, 6)(7, 11)(8, 13)(9, 10)
]
{1, 2} [ 13, 13, 13 ]
{1, 3} [ 13, 13, 13 ]
{2, 3} [ 13, 13, 13 ]
[
    (1, 2)(3, 5)(6, 13)(7, 11)(8, 12)(9, 10),
    (1, 3)(2, 12)(4, 11)(5, 6)(7, 10)(9, 13),
    (1, 9)(2, 3)(4, 5)(6, 7)(8, 10)(11, 12)
]
{1, 2} [ 13, 13, 13 ]
{1, 3} [ 13, 13, 13 ]
{2, 3} [ 13, 13, 13 ]
[
    (1, 5)(2, 10)(3, 12)(6, 13)(7, 11)(8, 9),
    (1, 6)(2, 9)(3, 12)(4, 11)(5, 13)(7, 10),
    (1, 5)(2, 9)(3, 11)(4, 12)(6, 7)(8, 10)
]
{1, 2} [ 14, 14, 14 ]
{1, 3} [ 14, 14, 14 ]
{2, 3} [ 14, 14, 14 ]
[
    (1, 7)(2, 10)(6, 8)(11, 12),
    (1, 6)(3, 7)(9, 10)(11, 13),
    (2, 7)(3, 11)(4, 10)(5, 6)
]
{1, 2} [ 15, 15, 15 ]
{1, 3} [ 15, 15, 15 ]
{2, 3} [ 15, 15, 15 ]
[
    (1, 10)(2, 13)(3, 11)(4, 7)(5, 9)(8, 12),
    (1, 4)(2, 10)(3, 6)(5, 12)(7, 8)(9, 13),
    (1, 6)(2, 11)(3, 8)(4, 5)(7, 13)(9, 12)
]
{1, 2} [ 15, 15, 15 ]
{1, 3} [ 15, 15, 15 ]
{2, 3} [ 15, 15, 15 ]
[
    (1, 11)(2, 4)(3, 7)(5, 10)(6, 12)(9, 13),
    (1, 8)(2, 7)(3, 10)(4, 5)(6, 12)(9, 11),
    (1, 7)(2, 6)(3, 13)(5, 10)(8, 12)(9, 11)
]
{1, 2} [ 15, 15, 15 ]
{1, 3} [ 15, 15, 15 ]
{2, 3} [ 15, 15, 15 ]
[
    (1, 12)(3, 10)(4, 9)(5, 13)(6, 11)(7, 8),
    (2, 6)(3, 9)(4, 12)(5, 8)(7, 13)(10, 11),
    (1, 11)(2, 5)(4, 7)(6, 10)(8, 9)(12, 13)
]
{1, 2} [ 18, 18, 18 ]
{1, 3} [ 18, 18, 18 ]
{2, 3} [ 18, 18, 18 ]
[
    (1, 6)(2, 7)(3, 8)(11, 12),
    (1, 7)(2, 13)(3, 11)(9, 10),
    (1, 4)(2, 10)(3, 7)(5, 6)
]
{1, 2} [ 20, 20, 20 ]
{1, 3} [ 20, 20, 20 ]
{2, 3} [ 20, 20, 20 ]
[
    (1, 10)(2, 6)(3, 12)(4, 11)(7, 9)(8, 13),
    (1, 11)(2, 9)(3, 6)(4, 13)(5, 7)(8, 10),
    (1, 5)(2, 11)(3, 10)(4, 8)(6, 13)(7, 12)
]
{1, 2} [ 21, 21, 21 ]
{1, 3} [ 21, 21, 21 ]
{2, 3} [ 21, 21, 21 ]
[
    (1, 4)(2, 7)(5, 13)(9, 10),
    (1, 7)(3, 8)(4, 12)(5, 6),
    (2, 13)(3, 7)(8, 9)(11, 12)
]
{1, 2} [ 30, 30, 30 ]
{1, 3} [ 30, 30, 30 ]
{2, 3} [ 30, 30, 30 ]
27
[
    [ 6, 1 ],
    [ 11, 4 ],
    [ 12, 1 ],
    [ 13, 13 ],
    [ 14, 1 ],
    [ 15, 3 ],
    [ 18, 1 ],
    [ 20, 1 ],
    [ 21, 1 ],
    [ 30, 1 ]
]
435.480
