[
    (1, 7)(2, 5)(3, 13)(4, 11)(6, 8)(10, 12),
    (1, 13)(2, 14)(3, 8)(4, 5)(6, 7)(9, 11),
    (1, 5)(2, 8)(3, 11)(4, 12)(9, 14)(10, 13)
]
{1, 2} [ 6, 6, 6 ]
{1, 3} [ 6, 6, 6 ]
{2, 3} [ 6, 6, 6 ]
[
    (1, 14)(2, 5)(3, 7)(6, 8)(9, 11)(12, 13),
    (2, 12)(3, 14)(4, 5)(7, 8)(9, 11)(10, 13),
    (1, 5)(3, 12)(4, 7)(6, 8)(10, 13)(11, 14)
]
{1, 2} [ 6, 6, 6 ]
{1, 3} [ 6, 6, 6 ]
{2, 3} [ 6, 6, 6 ]
[
    (1, 5)(3, 6)(4, 10)(7, 12)(8, 14)(9, 13),
    (1, 6)(2, 5)(3, 9)(7, 14)(8, 10)(11, 12),
    (2, 9)(3, 10)(4, 5)(6, 11)(7, 13)(12, 14)
]
{1, 2} [ 7, 7, 7 ]
{1, 3} [ 7, 7, 7 ]
{2, 3} [ 7, 7, 7 ]
[
    (2, 5)(3, 8)(4, 9)(7, 10)(11, 14)(12, 13),
    (1, 10)(3, 11)(4, 5)(6, 14)(7, 8)(12, 13),
    (1, 5)(2, 6)(3, 13)(7, 8)(9, 12)(11, 14)
]
{1, 2} [ 8, 8, 8 ]
{1, 3} [ 8, 8, 8 ]
{2, 3} [ 8, 8, 8 ]
[
    (2, 5)(3, 14)(4, 12)(6, 13)(7, 8)(10, 11),
    (1, 7)(3, 12)(4, 5)(6, 13)(8, 9)(11, 14),
    (1, 5)(2, 14)(3, 7)(8, 9)(10, 11)(12, 13)
]
{1, 2} [ 8, 8, 8 ]
{1, 3} [ 8, 8, 8 ]
{2, 3} [ 8, 8, 8 ]
[
    (1, 5)(2, 10)(3, 8)(4, 9)(6, 12)(13, 14),
    (1, 10)(2, 5)(3, 11)(4, 6)(7, 9)(8, 12),
    (1, 9)(2, 6)(3, 13)(4, 5)(7, 11)(10, 14)
]
{1, 2} [ 8, 8, 8 ]
{1, 3} [ 8, 8, 8 ]
{2, 3} [ 8, 8, 8 ]
[
    (1, 6)(2, 9)(3, 12)(5, 14)(7, 8)(10, 13),
    (2, 9)(3, 7)(4, 10)(5, 12)(6, 8)(11, 14),
    (1, 6)(3, 14)(4, 10)(5, 7)(9, 11)(12, 13)
]
{1, 2} [ 9, 9, 9 ]
{1, 3} [ 9, 9, 9 ]
{2, 3} [ 9, 9, 9 ]
[
    (2, 9)(3, 14)(4, 12)(5, 11)(6, 8)(10, 13),
    (1, 7)(3, 12)(4, 10)(5, 13)(6, 8)(9, 11),
    (1, 6)(2, 14)(3, 7)(5, 8)(9, 11)(10, 13)
]
{1, 2} [ 10, 10, 10 ]
{1, 3} [ 10, 10, 10 ]
{2, 3} [ 10, 10, 10 ]
[
    (1, 7)(2, 13)(3, 8)(4, 12)(5, 14)(10, 11),
    (1, 7)(2, 14)(3, 11)(4, 8)(5, 12)(6, 13),
    (1, 11)(2, 14)(3, 13)(4, 12)(5, 7)(8, 9)
]
{1, 2} [ 11, 11, 11 ]
{1, 3} [ 11, 11, 11 ]
{2, 3} [ 11, 11, 11 ]
[
    (1, 5)(3, 8)(4, 10)(7, 11)(9, 14)(12, 13),
    (1, 6)(2, 5)(3, 11)(7, 8)(10, 12)(13, 14),
    (2, 9)(3, 13)(4, 5)(6, 7)(8, 12)(11, 14)
]
{1, 2} [ 12, 12, 12 ]
{1, 3} [ 12, 12, 12 ]
{2, 3} [ 12, 12, 12 ]
[
    (1, 7)(3, 6)(4, 8)(5, 10)(9, 11)(12, 13),
    (1, 11)(2, 14)(3, 9)(5, 6)(7, 8)(10, 13),
    (2, 13)(3, 10)(4, 12)(5, 9)(6, 8)(11, 14)
]
{1, 2} [ 12, 12, 12 ]
{1, 3} [ 12, 12, 12 ]
{2, 3} [ 12, 12, 12 ]
[
    (1, 9)(3, 4)(5, 7)(6, 12)(8, 13)(11, 14),
    (1, 3)(2, 10)(5, 14)(7, 9)(8, 11)(12, 13),
    (2, 3)(4, 6)(5, 12)(7, 8)(10, 14)(11, 13)
]
{1, 2} [ 12, 12, 12 ]
{1, 3} [ 12, 12, 12 ]
{2, 3} [ 12, 12, 12 ]
[
    (1, 4)(2, 14)(3, 13)(5, 8)(6, 11)(7, 10),
    (1, 2)(3, 8)(4, 12)(5, 11)(6, 14)(9, 13),
    (1, 7)(2, 4)(3, 11)(5, 13)(8, 10)(9, 12)
]
{1, 2} [ 12, 12, 12 ]
{1, 3} [ 12, 12, 12 ]
{2, 3} [ 12, 12, 12 ]
[
    (1, 13)(2, 4)(3, 6)(5, 11)(8, 12)(10, 14),
    (1, 4)(2, 8)(3, 9)(5, 13)(6, 12)(7, 11),
    (1, 2)(3, 10)(4, 11)(5, 8)(7, 9)(13, 14)
]
{1, 2} [ 12, 12, 12 ]
{1, 3} [ 12, 12, 12 ]
{2, 3} [ 12, 12, 12 ]
[
    (1, 6)(2, 7)(3, 4)(5, 12)(8, 14)(9, 10),
    (1, 3)(2, 9)(4, 14)(5, 7)(6, 10)(11, 12),
    (1, 12)(2, 3)(4, 10)(5, 14)(6, 9)(7, 13)
]
{1, 2} [ 13, 13, 13 ]
{1, 3} [ 13, 13, 13 ]
{2, 3} [ 13, 13, 13 ]
[
    (1, 6)(2, 3)(4, 14)(5, 7)(8, 9)(10, 12),
    (1, 12)(2, 9)(3, 4)(5, 14)(6, 7)(10, 11),
    (1, 3)(2, 7)(4, 10)(5, 12)(6, 13)(9, 14)
]
{1, 2} [ 13, 13, 13 ]
{1, 3} [ 13, 13, 13 ]
{2, 3} [ 13, 13, 13 ]
[
    (1, 5)(2, 8)(3, 4)(6, 13)(7, 14)(11, 12),
    (1, 3)(2, 5)(4, 11)(7, 13)(8, 9)(12, 14),
    (1, 13)(2, 3)(4, 5)(7, 12)(8, 14)(10, 11)
]
{1, 2} [ 13, 13, 13 ]
{1, 3} [ 13, 13, 13 ]
{2, 3} [ 13, 13, 13 ]
[
    (2, 8)(3, 11)(5, 14)(6, 9)(7, 10)(12, 13),
    (3, 13)(4, 11)(5, 12)(6, 14)(7, 8)(9, 10),
    (1, 13)(3, 8)(5, 7)(6, 10)(9, 12)(11, 14)
]
{1, 2} [ 13, 13, 13 ]
{1, 3} [ 13, 13, 13 ]
{2, 3} [ 13, 13, 13 ]
[
    (1, 7)(2, 9)(3, 4)(5, 11)(6, 13)(8, 10),
    (1, 3)(2, 14)(4, 10)(5, 13)(6, 11)(8, 9),
    (1, 6)(2, 3)(4, 12)(5, 8)(9, 13)(10, 11)
]
{1, 2} [ 18, 18, 18 ]
{1, 3} [ 18, 18, 18 ]
{2, 3} [ 18, 18, 18 ]
[
    (2, 8)(3, 14)(4, 12)(5, 13)(6, 7)(9, 10),
    (1, 7)(3, 12)(4, 11)(5, 8)(6, 10)(9, 14),
    (1, 13)(2, 14)(3, 7)(5, 11)(6, 9)(10, 12)
]
{1, 2} [ 20, 20, 20 ]
{1, 3} [ 20, 20, 20 ]
{2, 3} [ 20, 20, 20 ]
[
    (2, 14)(3, 11)(4, 13)(5, 6)(7, 8)(9, 12),
    (1, 8)(3, 13)(4, 12)(5, 9)(7, 10)(11, 14),
    (1, 7)(2, 11)(3, 8)(5, 10)(6, 14)(12, 13)
]
{1, 2} [ 20, 20, 20 ]
{1, 3} [ 20, 20, 20 ]
{2, 3} [ 20, 20, 20 ]
[
    (1, 11)(2, 9)(3, 10)(5, 8)(6, 12)(7, 14),
    (2, 13)(3, 6)(4, 10)(5, 11)(7, 9)(12, 14),
    (1, 6)(3, 9)(4, 8)(5, 13)(7, 12)(10, 14)
]
{1, 2} [ 20, 20, 20 ]
{1, 3} [ 20, 20, 20 ]
{2, 3} [ 20, 20, 20 ]
[
    (1, 8)(2, 10)(3, 14)(4, 5)(6, 13)(11, 12),
    (1, 5)(2, 11)(3, 12)(4, 6)(7, 13)(8, 9),
    (1, 9)(2, 5)(3, 7)(4, 13)(8, 14)(10, 11)
]
{1, 2} [ 24, 24, 24 ]
{1, 3} [ 24, 24, 24 ]
{2, 3} [ 24, 24, 24 ]
[
    (1, 13)(3, 14)(4, 12)(5, 6)(7, 8)(9, 11),
    (1, 7)(2, 8)(3, 12)(5, 9)(10, 13)(11, 14),
    (2, 14)(3, 7)(4, 11)(5, 10)(6, 8)(12, 13)
]
{1, 2} [ 24, 24, 24 ]
{1, 3} [ 24, 24, 24 ]
{2, 3} [ 24, 24, 24 ]
[
    (1, 5)(2, 9)(3, 13)(4, 12)(6, 8)(10, 14),
    (1, 7)(2, 5)(3, 8)(4, 10)(6, 12)(9, 11),
    (1, 6)(2, 14)(3, 11)(4, 5)(7, 9)(10, 13)
]
{1, 2} [ 24, 24, 24 ]
{1, 3} [ 24, 24, 24 ]
{2, 3} [ 24, 24, 24 ]
[
    (2, 6)(3, 13)(4, 14)(5, 8)(7, 12)(10, 11),
    (1, 12)(3, 8)(4, 9)(5, 11)(6, 13)(7, 14),
    (1, 10)(2, 7)(3, 11)(5, 13)(8, 9)(12, 14)
]
{1, 2} [ 24, 24, 24 ]
{1, 3} [ 24, 24, 24 ]
{2, 3} [ 24, 24, 24 ]
[
    (1, 3)(4, 11)(5, 8)(6, 12)(9, 14)(10, 13),
    (1, 13)(2, 3)(5, 11)(6, 8)(7, 9)(10, 12),
    (2, 8)(3, 4)(5, 13)(6, 7)(9, 11)(10, 14)
]
{1, 2} [ 33, 33, 33 ]
{1, 3} [ 33, 33, 33 ]
{2, 3} [ 33, 33, 33 ]
[
    (1, 5)(3, 6)(4, 10)(8, 9)(11, 12)(13, 14),
    (1, 6)(2, 5)(3, 9)(7, 13)(8, 12)(10, 11),
    (2, 9)(3, 10)(4, 5)(6, 13)(7, 11)(8, 14)
]
{1, 2} [ 33, 33, 33 ]
{1, 3} [ 33, 33, 33 ]
{2, 3} [ 33, 33, 33 ]
[
    (1, 9)(2, 11)(3, 13)(5, 14)(6, 12)(8, 10),
    (2, 10)(3, 8)(4, 13)(5, 12)(6, 11)(7, 9),
    (1, 8)(3, 11)(4, 6)(5, 7)(9, 13)(10, 14)
]
{1, 2} [ 33, 33, 33 ]
{1, 3} [ 33, 33, 33 ]
{2, 3} [ 33, 33, 33 ]
[
    (1, 8)(2, 12)(3, 14)(4, 9)(5, 11)(10, 13),
    (1, 10)(2, 11)(3, 12)(4, 7)(5, 13)(6, 8),
    (1, 14)(2, 6)(3, 7)(4, 13)(5, 8)(9, 11)
]
{1, 2} [ 33, 33, 33 ]
{1, 3} [ 33, 33, 33 ]
{2, 3} [ 33, 33, 33 ]
[
    (1, 3)(2, 10)(5, 9)(6, 12)(7, 8)(11, 13),
    (2, 3)(4, 6)(5, 10)(7, 9)(8, 13)(11, 14),
    (1, 9)(3, 4)(5, 6)(8, 11)(10, 14)(12, 13)
]
{1, 2} [ 33, 33, 33 ]
{1, 3} [ 33, 33, 33 ]
{2, 3} [ 33, 33, 33 ]
[
    (1, 11)(2, 3)(4, 12)(5, 8)(6, 9)(7, 10),
    (1, 7)(2, 13)(3, 4)(5, 11)(6, 14)(9, 10),
    (1, 3)(2, 14)(4, 8)(5, 13)(6, 10)(9, 12)
]
{1, 2} [ 45, 45, 45 ]
{1, 3} [ 45, 45, 45 ]
{2, 3} [ 45, 45, 45 ]
[
    (2, 10)(3, 6)(4, 12)(5, 8)(7, 13)(9, 11),
    (1, 7)(3, 9)(4, 6)(5, 11)(8, 14)(10, 13),
    (1, 9)(2, 14)(3, 10)(5, 13)(6, 8)(11, 12)
]
{1, 2} [ 45, 45, 45 ]
{1, 3} [ 45, 45, 45 ]
{2, 3} [ 45, 45, 45 ]
[
    (1, 6)(2, 12)(3, 11)(5, 9)(7, 13)(10, 14),
    (2, 9)(3, 13)(4, 7)(5, 10)(6, 12)(8, 14),
    (1, 14)(3, 8)(4, 10)(5, 6)(7, 9)(11, 12)
]
{1, 2} [ 45, 45, 45 ]
{1, 3} [ 45, 45, 45 ]
{2, 3} [ 45, 45, 45 ]
[
    (1, 8)(2, 4)(3, 7)(5, 10)(6, 11)(13, 14),
    (1, 4)(2, 11)(3, 14)(5, 6)(8, 12)(9, 13),
    (1, 2)(3, 12)(4, 13)(5, 9)(7, 11)(8, 10)
]
{1, 2} [ 45, 45, 45 ]
{1, 3} [ 45, 45, 45 ]
{2, 3} [ 45, 45, 45 ]
[
    (1, 10)(2, 4)(3, 7)(5, 8)(6, 11)(13, 14),
    (1, 4)(2, 6)(3, 14)(5, 11)(8, 12)(9, 13),
    (1, 2)(3, 12)(4, 9)(5, 13)(7, 11)(8, 10)
]
{1, 2} [ 45, 45, 45 ]
{1, 3} [ 45, 45, 45 ]
{2, 3} [ 45, 45, 45 ]
[
    (1, 11)(2, 9)(3, 12)(4, 5)(6, 8)(13, 14),
    (1, 5)(2, 13)(3, 7)(4, 10)(8, 12)(9, 11),
    (1, 6)(2, 5)(3, 14)(4, 8)(7, 11)(10, 13)
]
{1, 2} [ 45, 45, 45 ]
{1, 3} [ 45, 45, 45 ]
{2, 3} [ 45, 45, 45 ]
37
[
    [ 6, 2 ],
    [ 7, 1 ],
    [ 8, 3 ],
    [ 9, 1 ],
    [ 10, 1 ],
    [ 11, 1 ],
    [ 12, 5 ],
    [ 13, 4 ],
    [ 18, 1 ],
    [ 20, 3 ],
    [ 24, 4 ],
    [ 33, 5 ],
    [ 45, 6 ]
]
2137.600
