[
    (1, 13)(2, 121)(3, 15)(4, 97)(5, 27)(6, 116)(7, 81)(8, 71)(9, 61)(10, 
        26)(11, 115)(12, 45)(14, 21)(16, 91)(17, 66)(18, 94)(19, 105)(20, 
        75)(22, 49)(23, 82)(24, 50)(25, 64)(28, 31)(29, 43)(30, 103)(32, 68)(33,
        65)(34, 102)(35, 95)(36, 56)(37, 123)(38, 44)(39, 112)(40, 108)(41, 
        79)(42, 85)(46, 88)(47, 107)(48, 124)(51, 126)(52, 73)(53, 62)(54, 
        96)(55, 84)(57, 100)(58, 87)(59, 70)(60, 119)(63, 101)(67, 122)(69, 
        90)(72, 83)(74, 110)(76, 125)(77, 109)(78, 117)(80, 89)(86, 106)(92, 
        118)(93, 120)(98, 104)(99, 113)(111, 114),
    (1, 115)(2, 13)(3, 68)(4, 17)(5, 31)(6, 80)(7, 38)(8, 70)(9, 76)(10, 55)(11,
        46)(12, 32)(14, 18)(15, 111)(16, 21)(19, 22)(20, 69)(23, 57)(24, 
        126)(25, 99)(26, 65)(27, 63)(28, 121)(29, 96)(30, 52)(33, 122)(34, 
        112)(35, 97)(36, 85)(37, 102)(39, 64)(40, 79)(41, 66)(42, 78)(43, 
        113)(44, 117)(45, 47)(48, 82)(49, 56)(50, 95)(51, 108)(53, 75)(54, 
        123)(58, 60)(59, 94)(61, 114)(62, 118)(67, 98)(71, 119)(72, 109)(73, 
        93)(74, 100)(77, 110)(81, 105)(83, 86)(84, 89)(87, 91)(88, 101)(90, 
        120)(92, 103)(104, 116)(106, 124)(107, 125),
    (1, 47)(2, 90)(3, 84)(4, 16)(5, 23)(6, 85)(7, 69)(8, 121)(9, 42)(10, 24)(11,
        117)(12, 58)(13, 72)(14, 103)(15, 40)(17, 50)(18, 86)(19, 44)(20, 
        124)(21, 75)(22, 96)(25, 109)(26, 87)(27, 66)(28, 111)(29, 126)(30, 
        59)(31, 74)(32, 119)(33, 98)(34, 76)(35, 49)(36, 54)(37, 89)(38, 
        110)(39, 61)(41, 99)(43, 55)(45, 82)(46, 113)(48, 68)(51, 64)(52, 
        116)(53, 100)(56, 101)(57, 95)(60, 70)(62, 63)(65, 67)(71, 79)(73, 
        92)(77, 108)(78, 83)(80, 91)(81, 88)(93, 112)(94, 105)(97, 104)(102, 
        107)(106, 114)(115, 125)(118, 120)(122, 123)
]
{1, 2} [ 7, 7, 7 ]
{1, 3} [ 7, 7, 7 ]
{2, 3} [ 7, 7, 7 ]
[
    (1, 8)(2, 51)(3, 83)(4, 31)(5, 11)(6, 116)(7, 78)(9, 49)(10, 106)(12, 
        121)(13, 77)(14, 40)(15, 80)(16, 25)(17, 27)(18, 90)(19, 117)(20, 
        57)(21, 42)(22, 34)(23, 101)(24, 105)(26, 75)(28, 68)(29, 124)(30, 
        44)(32, 88)(33, 47)(35, 56)(36, 39)(37, 63)(38, 41)(43, 55)(45, 115)(46,
        73)(48, 79)(50, 60)(52, 61)(53, 98)(54, 102)(58, 86)(59, 113)(62, 
        123)(64, 126)(65, 82)(66, 72)(67, 97)(69, 76)(70, 125)(71, 87)(74, 
        120)(81, 110)(84, 118)(85, 119)(89, 108)(91, 96)(92, 94)(93, 122)(95, 
        114)(99, 100)(103, 104)(107, 112)(109, 111),
    (1, 120)(2, 19)(3, 21)(4, 94)(5, 110)(6, 44)(7, 83)(8, 77)(9, 72)(10, 
        67)(11, 61)(12, 100)(13, 34)(14, 50)(15, 123)(16, 125)(17, 24)(18, 
        58)(20, 42)(22, 105)(23, 96)(25, 62)(26, 32)(27, 76)(28, 103)(29, 
        107)(30, 95)(31, 75)(33, 93)(35, 89)(36, 56)(37, 115)(38, 90)(39, 
        122)(40, 65)(41, 116)(43, 99)(45, 101)(46, 74)(47, 92)(48, 121)(49, 
        114)(51, 111)(52, 97)(53, 57)(54, 106)(55, 109)(59, 73)(60, 63)(64, 
        66)(68, 117)(69, 113)(70, 98)(71, 85)(78, 80)(79, 104)(81, 84)(82, 
        119)(86, 126)(87, 91)(88, 108)(102, 124)(112, 118),
    (1, 38)(2, 57)(3, 42)(4, 17)(5, 85)(6, 24)(7, 36)(8, 120)(9, 53)(10, 58)(11,
        26)(12, 126)(13, 61)(14, 69)(15, 109)(16, 115)(18, 62)(19, 83)(20, 
        31)(21, 111)(22, 124)(23, 95)(25, 110)(27, 44)(28, 101)(29, 68)(30, 
        90)(32, 72)(33, 70)(34, 108)(35, 64)(37, 89)(39, 125)(40, 51)(41, 
        107)(43, 96)(45, 60)(46, 87)(47, 65)(48, 102)(49, 73)(50, 86)(52, 
        114)(54, 67)(55, 82)(56, 88)(59, 71)(63, 77)(66, 112)(74, 121)(75, 
        80)(76, 123)(78, 104)(79, 81)(84, 92)(91, 100)(93, 119)(94, 98)(97, 
        106)(99, 103)(105, 113)(116, 118)(117, 122)
]
{1, 2} [ 9, 9, 9 ]
{1, 3} [ 9, 9, 9 ]
{2, 3} [ 9, 9, 9 ]
[
    (1, 2)(3, 74)(4, 20)(5, 66)(6, 100)(7, 42)(8, 116)(9, 102)(10, 110)(11, 
        91)(12, 47)(13, 117)(14, 54)(15, 77)(16, 35)(17, 95)(18, 56)(19, 38)(21,
        23)(22, 104)(24, 69)(25, 75)(26, 99)(27, 90)(28, 81)(29, 105)(30, 
        111)(31, 33)(32, 76)(34, 50)(36, 124)(37, 85)(39, 103)(40, 126)(41, 
        63)(43, 89)(44, 70)(45, 78)(46, 64)(48, 80)(49, 114)(51, 106)(52, 
        53)(55, 113)(57, 96)(58, 73)(59, 87)(60, 119)(61, 120)(62, 71)(65, 
        82)(67, 125)(68, 97)(72, 79)(83, 112)(84, 123)(86, 92)(88, 94)(93, 
        121)(98, 115)(101, 108)(107, 122)(109, 118),
    (1, 87)(2, 120)(3, 64)(4, 114)(5, 72)(6, 56)(7, 71)(8, 18)(9, 10)(11, 
        69)(12, 83)(13, 70)(14, 52)(15, 81)(16, 116)(17, 48)(19, 106)(20, 
        59)(21, 31)(22, 117)(23, 49)(24, 84)(25, 113)(26, 95)(27, 82)(28, 
        96)(29, 30)(32, 94)(33, 109)(34, 93)(35, 51)(36, 101)(37, 45)(38, 
        78)(39, 122)(40, 58)(41, 46)(42, 77)(43, 126)(44, 66)(47, 100)(50, 
        86)(53, 90)(54, 110)(55, 111)(57, 74)(60, 102)(61, 80)(62, 89)(63, 
        105)(65, 118)(67, 92)(68, 97)(73, 98)(75, 112)(76, 103)(79, 115)(85, 
        104)(88, 123)(91, 108)(99, 121)(107, 125)(119, 124),
    (1, 48)(2, 8)(3, 109)(4, 66)(5, 78)(6, 79)(7, 33)(9, 10)(11, 118)(12, 
        49)(13, 88)(14, 54)(15, 59)(16, 26)(17, 91)(18, 80)(19, 24)(20, 34)(21, 
        38)(22, 56)(23, 41)(25, 69)(27, 104)(28, 62)(29, 124)(30, 70)(31, 
        115)(32, 103)(35, 72)(36, 83)(37, 120)(39, 99)(40, 121)(42, 105)(43, 
        61)(44, 89)(45, 111)(46, 63)(47, 90)(50, 64)(51, 77)(52, 107)(53, 
        95)(55, 86)(57, 106)(58, 68)(60, 65)(67, 119)(71, 122)(73, 92)(74, 
        75)(76, 82)(81, 101)(84, 87)(85, 96)(93, 108)(94, 98)(97, 110)(100, 
        113)(102, 117)(112, 116)(114, 125)(123, 126)
]
{1, 2} [ 31, 31, 31 ]
{1, 3} [ 31, 31, 31 ]
{2, 3} [ 31, 31, 31 ]
[
    (1, 115)(2, 37)(3, 7)(4, 107)(5, 45)(6, 113)(8, 32)(9, 24)(10, 98)(11, 
        65)(12, 44)(13, 33)(14, 61)(15, 69)(16, 57)(17, 101)(18, 20)(19, 66)(21,
        50)(22, 83)(23, 64)(25, 28)(26, 126)(27, 38)(29, 102)(30, 59)(31, 
        82)(34, 117)(35, 75)(36, 68)(39, 106)(40, 103)(41, 100)(42, 53)(43, 
        78)(46, 89)(47, 67)(48, 72)(49, 124)(51, 104)(52, 55)(54, 80)(56, 
        71)(58, 123)(60, 62)(63, 105)(70, 108)(73, 77)(74, 93)(76, 99)(79, 
        91)(81, 90)(84, 109)(85, 119)(86, 114)(87, 121)(88, 96)(92, 120)(94, 
        95)(97, 122)(110, 118)(111, 112)(116, 125),
    (1, 76)(2, 116)(3, 29)(4, 9)(5, 121)(6, 63)(7, 85)(8, 119)(10, 98)(11, 
        89)(12, 45)(13, 37)(14, 96)(15, 24)(16, 125)(17, 115)(18, 68)(19, 
        26)(20, 95)(21, 40)(22, 123)(23, 41)(25, 112)(27, 35)(28, 78)(30, 
        53)(31, 42)(32, 117)(33, 90)(34, 100)(36, 58)(38, 60)(39, 109)(43, 
        66)(44, 47)(46, 108)(48, 111)(49, 52)(50, 114)(51, 84)(54, 65)(55, 
        73)(56, 75)(57, 113)(59, 83)(61, 69)(62, 122)(64, 105)(67, 93)(70, 
        77)(71, 110)(72, 81)(74, 99)(79, 107)(80, 97)(82, 126)(86, 124)(87, 
        92)(88, 103)(91, 101)(94, 106)(102, 104)(118, 120),
    (1, 125)(2, 87)(3, 117)(4, 102)(5, 69)(6, 62)(7, 94)(8, 71)(9, 48)(10, 
        80)(11, 73)(12, 40)(13, 25)(14, 55)(15, 17)(16, 31)(18, 28)(19, 85)(20, 
        45)(21, 109)(22, 39)(23, 105)(24, 99)(26, 52)(27, 32)(29, 86)(30, 
        108)(33, 121)(34, 112)(35, 68)(36, 60)(37, 119)(38, 47)(41, 91)(42, 
        49)(43, 118)(44, 63)(46, 64)(50, 58)(51, 101)(53, 76)(54, 65)(56, 
        113)(57, 123)(59, 81)(61, 83)(66, 89)(67, 70)(72, 75)(74, 107)(77, 
        88)(78, 96)(79, 98)(82, 106)(84, 92)(90, 116)(93, 100)(95, 104)(97, 
        122)(103, 120)(110, 115)(111, 126)(114, 124)
]
{1, 2} [ 31, 31, 31 ]
{1, 3} [ 31, 31, 31 ]
{2, 3} [ 31, 31, 31 ]
[
    (1, 66)(2, 43)(3, 79)(4, 8)(5, 109)(6, 13)(7, 104)(9, 76)(10, 20)(11, 
        91)(12, 64)(14, 24)(15, 105)(16, 53)(17, 80)(18, 107)(19, 55)(21, 
        28)(22, 96)(23, 69)(25, 84)(26, 30)(27, 56)(29, 51)(31, 81)(32, 117)(33,
        94)(34, 61)(35, 113)(36, 60)(37, 54)(38, 102)(39, 90)(40, 83)(41, 
        75)(42, 95)(44, 89)(45, 48)(46, 93)(47, 125)(49, 103)(50, 92)(52, 
        63)(57, 111)(58, 122)(59, 73)(62, 74)(65, 118)(67, 114)(68, 110)(70, 
        121)(71, 116)(72, 78)(77, 120)(82, 88)(85, 119)(86, 98)(87, 101)(97, 
        108)(99, 126)(100, 124)(106, 123)(112, 115),
    (1, 55)(2, 56)(3, 72)(4, 107)(5, 109)(6, 100)(7, 25)(8, 38)(9, 110)(10, 
        44)(11, 42)(12, 123)(13, 47)(14, 103)(15, 46)(16, 125)(17, 99)(18, 
        30)(19, 49)(20, 117)(21, 126)(22, 88)(23, 78)(24, 101)(26, 31)(27, 
        39)(28, 64)(29, 119)(32, 50)(33, 82)(34, 105)(35, 95)(36, 57)(37, 
        66)(40, 84)(41, 58)(43, 80)(45, 60)(48, 73)(51, 83)(52, 74)(53, 76)(54, 
        111)(59, 118)(61, 112)(62, 89)(63, 70)(65, 124)(67, 86)(68, 96)(69, 
        75)(71, 122)(77, 79)(81, 85)(87, 115)(90, 91)(92, 93)(94, 121)(97, 
        116)(98, 102)(104, 106)(108, 114)(113, 120),
    (1, 74)(2, 17)(3, 22)(4, 51)(5, 16)(6, 79)(7, 25)(8, 101)(9, 35)(10, 87)(11,
        38)(12, 48)(13, 82)(14, 110)(15, 28)(18, 59)(19, 20)(21, 62)(23, 30)(24,
        126)(26, 106)(27, 95)(29, 76)(31, 81)(32, 68)(33, 39)(34, 104)(36, 
        120)(37, 118)(40, 103)(41, 47)(42, 69)(43, 88)(44, 86)(45, 71)(46, 
        102)(49, 125)(50, 57)(52, 65)(53, 111)(54, 100)(55, 73)(56, 80)(58, 
        77)(60, 61)(63, 78)(64, 75)(66, 96)(67, 124)(70, 119)(72, 105)(83, 
        97)(84, 92)(85, 117)(89, 121)(90, 93)(91, 108)(94, 99)(98, 115)(107, 
        112)(109, 123)(113, 116)(114, 122)
]
{1, 2} [ 31, 31, 31 ]
{1, 3} [ 31, 31, 31 ]
{2, 3} [ 31, 31, 31 ]
[
    (1, 118)(2, 119)(3, 83)(4, 64)(5, 107)(6, 97)(7, 66)(8, 57)(9, 67)(10, 
        20)(11, 58)(12, 84)(13, 115)(14, 48)(15, 19)(16, 31)(17, 73)(18, 30)(21,
        71)(22, 50)(23, 114)(24, 75)(25, 33)(26, 126)(27, 88)(28, 42)(29, 
        69)(32, 93)(34, 55)(35, 122)(36, 108)(37, 117)(38, 121)(39, 52)(40, 
        76)(41, 46)(43, 61)(44, 80)(45, 96)(47, 103)(49, 99)(51, 91)(53, 
        111)(54, 113)(56, 116)(59, 77)(60, 123)(62, 109)(63, 112)(65, 86)(68, 
        81)(70, 98)(72, 106)(74, 79)(78, 92)(82, 125)(85, 124)(87, 95)(89, 
        104)(90, 102)(94, 120)(100, 110)(101, 105),
    (1, 51)(2, 125)(3, 115)(4, 44)(5, 9)(6, 26)(7, 79)(8, 82)(10, 91)(11, 
        77)(12, 48)(13, 74)(14, 67)(15, 96)(16, 114)(17, 87)(18, 56)(19, 89)(20,
        42)(21, 72)(22, 123)(23, 66)(24, 98)(25, 73)(27, 99)(28, 49)(29, 95)(30,
        36)(31, 113)(32, 93)(33, 81)(34, 85)(35, 112)(37, 126)(38, 45)(39, 
        92)(40, 83)(41, 59)(43, 60)(46, 63)(47, 65)(50, 88)(52, 121)(53, 
        116)(54, 111)(55, 105)(57, 78)(58, 94)(61, 68)(62, 102)(64, 86)(69, 
        106)(70, 76)(71, 120)(75, 119)(80, 100)(84, 109)(90, 118)(97, 101)(103, 
        117)(104, 107)(108, 110)(122, 124),
    (1, 39)(2, 92)(3, 69)(4, 12)(5, 33)(6, 57)(7, 85)(8, 115)(9, 18)(10, 66)(11,
        31)(13, 58)(14, 25)(15, 125)(16, 30)(17, 48)(19, 120)(20, 117)(21, 
        111)(22, 116)(23, 36)(24, 59)(26, 73)(27, 29)(28, 106)(32, 53)(34, 
        61)(35, 78)(37, 43)(38, 62)(40, 87)(41, 63)(42, 118)(44, 110)(45, 
        46)(47, 103)(49, 126)(50, 72)(51, 75)(52, 79)(54, 89)(55, 100)(56, 
        107)(60, 81)(64, 113)(65, 96)(67, 68)(70, 76)(71, 121)(74, 112)(77, 
        90)(80, 108)(82, 102)(83, 97)(84, 86)(88, 99)(91, 123)(93, 122)(94, 
        119)(95, 104)(98, 114)(101, 109)(105, 124)
]
{1, 2} [ 62, 62, 62 ]
{1, 3} [ 62, 62, 62 ]
{2, 3} [ 62, 62, 62 ]
[
    (1, 18)(2, 12)(3, 71)(4, 116)(5, 88)(6, 50)(7, 74)(8, 69)(9, 113)(10, 
        106)(11, 23)(13, 120)(14, 46)(15, 24)(16, 28)(17, 102)(19, 47)(20, 
        118)(21, 38)(22, 63)(25, 119)(26, 45)(27, 37)(29, 59)(30, 52)(31, 
        96)(32, 91)(33, 115)(34, 77)(35, 49)(36, 94)(39, 93)(40, 89)(41, 87)(42,
        104)(43, 54)(44, 70)(48, 99)(51, 90)(53, 108)(55, 58)(56, 81)(57, 
        112)(60, 97)(61, 123)(62, 100)(64, 85)(65, 103)(66, 117)(67, 83)(68, 
        105)(72, 126)(73, 86)(75, 114)(76, 125)(78, 124)(79, 92)(80, 101)(82, 
        98)(84, 109)(95, 121)(107, 110)(111, 122),
    (1, 28)(2, 34)(3, 74)(4, 82)(5, 17)(6, 117)(7, 85)(8, 90)(9, 23)(10, 
        107)(11, 119)(12, 58)(13, 126)(14, 101)(15, 86)(16, 105)(18, 104)(19, 
        121)(20, 67)(21, 26)(22, 69)(24, 50)(25, 27)(29, 91)(30, 38)(31, 77)(32,
        122)(33, 118)(35, 109)(36, 102)(37, 46)(39, 65)(40, 44)(41, 95)(42, 
        115)(43, 52)(45, 49)(47, 100)(48, 120)(51, 59)(53, 113)(54, 106)(55, 
        87)(56, 97)(57, 93)(60, 124)(61, 88)(62, 64)(63, 68)(66, 80)(70, 94)(71,
        111)(72, 84)(73, 110)(75, 114)(76, 89)(78, 96)(79, 108)(81, 125)(83, 
        98)(92, 103)(99, 116)(112, 123),
    (1, 121)(2, 30)(3, 123)(4, 52)(5, 92)(6, 103)(7, 24)(8, 61)(9, 41)(10, 
        17)(11, 44)(12, 74)(13, 57)(14, 64)(15, 86)(16, 31)(18, 27)(19, 45)(20, 
        65)(21, 118)(22, 90)(23, 84)(25, 43)(26, 48)(28, 95)(29, 96)(32, 
        119)(33, 71)(34, 102)(35, 75)(36, 37)(38, 109)(39, 55)(40, 101)(42, 
        77)(46, 126)(47, 82)(49, 89)(50, 112)(51, 70)(53, 91)(54, 73)(56, 
        58)(59, 104)(60, 110)(62, 125)(63, 116)(66, 68)(67, 111)(69, 85)(72, 
        120)(76, 98)(78, 124)(79, 105)(80, 113)(81, 99)(83, 115)(87, 88)(93, 
        108)(94, 122)(97, 106)(100, 117)(107, 114)
]
{1, 2} [ 62, 62, 62 ]
{1, 3} [ 62, 62, 62 ]
{2, 3} [ 62, 62, 62 ]
[
    (1, 4)(2, 117)(3, 29)(5, 20)(6, 91)(7, 72)(8, 105)(9, 11)(10, 89)(12, 
        54)(13, 98)(14, 86)(15, 94)(16, 122)(17, 111)(18, 90)(19, 57)(21, 
        123)(22, 26)(23, 42)(24, 110)(25, 48)(27, 118)(28, 40)(30, 39)(31, 
        106)(32, 97)(33, 58)(34, 68)(35, 63)(36, 70)(37, 45)(38, 121)(41, 
        69)(43, 44)(46, 71)(47, 85)(49, 116)(50, 92)(51, 104)(52, 115)(53, 
        126)(55, 114)(56, 79)(59, 67)(60, 61)(62, 81)(64, 76)(65, 74)(66, 
        109)(73, 124)(75, 101)(77, 112)(78, 82)(80, 120)(83, 107)(84, 99)(87, 
        119)(88, 108)(93, 95)(96, 125)(100, 103)(102, 113),
    (1, 23)(2, 53)(3, 104)(4, 47)(5, 79)(6, 54)(7, 113)(8, 80)(9, 30)(10, 
        76)(11, 17)(12, 94)(13, 74)(14, 62)(15, 66)(16, 93)(18, 107)(19, 26)(20,
        73)(21, 64)(22, 40)(24, 41)(25, 111)(27, 44)(28, 46)(29, 119)(31, 
        69)(32, 108)(33, 102)(34, 97)(35, 92)(36, 86)(37, 125)(38, 59)(39, 
        75)(42, 49)(43, 83)(45, 67)(48, 121)(50, 87)(51, 57)(52, 101)(55, 
        120)(56, 100)(58, 118)(60, 114)(61, 81)(63, 115)(65, 90)(68, 124)(70, 
        126)(71, 99)(72, 117)(77, 122)(78, 82)(84, 98)(85, 88)(89, 91)(95, 
        123)(96, 110)(103, 105)(106, 109)(112, 116),
    (1, 80)(2, 40)(3, 105)(4, 124)(5, 18)(6, 89)(7, 106)(8, 36)(9, 114)(10, 
        30)(11, 25)(12, 14)(13, 61)(15, 94)(16, 27)(17, 108)(19, 51)(20, 56)(21,
        50)(22, 47)(23, 32)(24, 119)(26, 42)(28, 109)(29, 37)(31, 101)(33, 
        52)(34, 82)(35, 110)(38, 98)(39, 75)(41, 118)(43, 62)(44, 76)(45, 
        74)(46, 96)(48, 73)(49, 125)(53, 69)(54, 103)(55, 93)(57, 123)(58, 
        66)(59, 87)(60, 111)(63, 72)(64, 120)(65, 85)(67, 112)(68, 79)(70, 
        84)(71, 102)(77, 90)(78, 113)(81, 83)(86, 107)(88, 115)(91, 97)(92, 
        116)(95, 117)(99, 100)(104, 126)(121, 122)
]
{1, 2} [ 62, 62, 62 ]
{1, 3} [ 62, 62, 62 ]
{2, 3} [ 62, 62, 62 ]
[
    (1, 68)(2, 75)(3, 84)(4, 96)(5, 22)(6, 66)(7, 26)(8, 34)(9, 76)(10, 13)(11, 
        71)(12, 125)(14, 46)(15, 108)(16, 113)(17, 115)(18, 39)(19, 80)(20, 
        42)(21, 98)(23, 50)(24, 120)(25, 101)(27, 54)(28, 97)(29, 81)(30, 
        109)(31, 63)(32, 86)(33, 37)(35, 57)(36, 124)(38, 59)(40, 44)(41, 
        79)(43, 69)(45, 117)(47, 94)(48, 122)(49, 106)(51, 70)(52, 102)(53, 
        83)(55, 72)(56, 105)(58, 123)(60, 88)(61, 90)(62, 95)(64, 67)(65, 
        78)(73, 107)(74, 119)(77, 112)(82, 89)(85, 87)(91, 126)(92, 100)(93, 
        104)(99, 110)(103, 111)(114, 121)(116, 118),
    (1, 30)(2, 15)(3, 65)(4, 114)(5, 49)(6, 39)(7, 12)(8, 96)(9, 120)(10, 
        72)(11, 46)(13, 86)(14, 103)(16, 37)(17, 23)(18, 121)(19, 47)(20, 
        40)(21, 111)(22, 89)(24, 51)(25, 95)(26, 70)(27, 107)(28, 56)(29, 
        64)(31, 123)(32, 83)(33, 116)(34, 92)(35, 55)(36, 69)(38, 59)(41, 
        109)(42, 85)(43, 118)(44, 78)(45, 74)(48, 94)(50, 106)(52, 58)(53, 
        112)(54, 90)(57, 80)(60, 73)(61, 98)(62, 115)(63, 68)(66, 81)(67, 
        105)(71, 87)(75, 122)(76, 124)(77, 125)(79, 126)(82, 93)(84, 101)(88, 
        110)(91, 113)(97, 99)(100, 117)(102, 104)(108, 119),
    (1, 35)(2, 78)(3, 83)(4, 28)(5, 113)(6, 95)(7, 46)(8, 14)(9, 41)(10, 88)(11,
        22)(12, 120)(13, 48)(15, 98)(16, 21)(17, 72)(18, 65)(19, 96)(20, 76)(23,
        67)(24, 36)(25, 50)(26, 52)(27, 110)(29, 106)(30, 119)(31, 34)(32, 
        68)(33, 87)(37, 115)(38, 92)(39, 70)(40, 59)(42, 122)(43, 64)(44, 
        125)(45, 74)(47, 123)(49, 105)(51, 80)(53, 108)(54, 69)(55, 86)(56, 
        71)(57, 93)(58, 102)(60, 107)(61, 82)(62, 63)(66, 85)(73, 99)(75, 
        100)(77, 112)(79, 118)(81, 126)(84, 116)(89, 101)(90, 124)(91, 94)(97, 
        121)(103, 114)(104, 109)(111, 117)
]
{1, 2} [ 62, 62, 62 ]
{1, 3} [ 62, 62, 62 ]
{2, 3} [ 62, 62, 62 ]
[
    (1, 5)(2, 73)(3, 115)(4, 14)(6, 8)(7, 122)(9, 84)(10, 70)(11, 97)(12, 
        27)(13, 48)(15, 18)(16, 51)(17, 104)(19, 69)(20, 114)(21, 90)(22, 
        80)(23, 118)(24, 102)(25, 66)(26, 71)(28, 29)(30, 94)(31, 67)(32, 
        95)(33, 123)(34, 96)(35, 36)(37, 52)(38, 119)(39, 124)(40, 88)(41, 
        72)(42, 110)(43, 100)(44, 76)(45, 121)(46, 49)(47, 86)(50, 60)(53, 
        93)(54, 120)(55, 106)(56, 58)(57, 68)(59, 63)(61, 75)(62, 117)(64, 
        89)(65, 112)(74, 107)(77, 105)(78, 125)(79, 91)(81, 87)(82, 98)(83, 
        116)(85, 113)(92, 108)(99, 111)(101, 126)(103, 109),
    (1, 91)(2, 60)(3, 121)(4, 24)(5, 37)(6, 105)(7, 32)(8, 97)(9, 51)(10, 
        62)(11, 89)(12, 82)(13, 112)(14, 85)(15, 18)(16, 101)(17, 102)(19, 
        84)(20, 87)(21, 110)(22, 66)(23, 38)(25, 120)(26, 43)(27, 117)(28, 
        57)(29, 107)(30, 35)(31, 98)(33, 104)(34, 99)(36, 106)(39, 65)(40, 
        70)(41, 45)(42, 118)(44, 119)(46, 69)(47, 54)(48, 78)(49, 72)(50, 
        63)(52, 96)(53, 79)(55, 68)(56, 108)(58, 116)(59, 122)(61, 90)(64, 
        71)(67, 109)(73, 77)(74, 125)(75, 92)(76, 126)(80, 95)(81, 113)(83, 
        88)(86, 111)(93, 124)(94, 114)(100, 103)(115, 123),
    (1, 10)(2, 107)(3, 110)(4, 106)(5, 101)(6, 62)(7, 67)(8, 81)(9, 36)(11, 
        40)(12, 24)(13, 42)(14, 19)(15, 119)(16, 68)(17, 44)(18, 121)(20, 
        27)(21, 71)(22, 103)(23, 91)(25, 116)(26, 33)(28, 63)(29, 41)(30, 
        88)(31, 76)(32, 108)(34, 39)(35, 58)(37, 111)(38, 60)(43, 52)(45, 
        98)(46, 112)(47, 117)(48, 78)(49, 73)(50, 69)(51, 72)(53, 99)(54, 
        79)(55, 96)(56, 123)(57, 85)(59, 90)(61, 75)(64, 74)(65, 109)(66, 
        84)(70, 114)(77, 92)(80, 126)(82, 86)(83, 124)(87, 102)(89, 120)(93, 
        97)(94, 122)(95, 113)(100, 125)(104, 118)(105, 115)
]
{1, 2} [ 62, 62, 62 ]
{1, 3} [ 62, 62, 62 ]
{2, 3} [ 62, 62, 62 ]
[
    (1, 70)(2, 125)(3, 48)(4, 40)(5, 90)(6, 97)(7, 12)(8, 38)(9, 124)(10, 
        30)(11, 88)(13, 116)(14, 43)(15, 113)(16, 74)(17, 83)(18, 120)(19, 
        45)(20, 34)(21, 105)(22, 44)(23, 68)(24, 95)(25, 111)(26, 52)(27, 
        49)(28, 57)(29, 93)(31, 67)(32, 85)(33, 63)(35, 96)(36, 101)(37, 51)(39,
        112)(41, 61)(42, 104)(46, 86)(47, 102)(50, 92)(53, 77)(54, 114)(55, 
        123)(56, 84)(58, 81)(59, 64)(60, 109)(62, 73)(65, 100)(66, 107)(69, 
        72)(71, 79)(75, 82)(76, 78)(80, 99)(87, 108)(89, 110)(91, 103)(94, 
        106)(98, 117)(115, 122)(118, 126)(119, 121),
    (1, 74)(2, 92)(3, 23)(4, 66)(5, 102)(6, 110)(7, 107)(8, 48)(9, 64)(10, 
        91)(11, 115)(12, 54)(13, 125)(14, 114)(15, 39)(16, 76)(17, 85)(18, 
        46)(19, 116)(20, 43)(21, 26)(22, 71)(24, 35)(25, 121)(27, 62)(28, 
        69)(29, 119)(30, 111)(31, 34)(32, 89)(33, 41)(36, 104)(37, 44)(38, 
        40)(42, 61)(45, 105)(47, 120)(49, 70)(50, 99)(51, 72)(52, 93)(53, 
        65)(55, 117)(56, 68)(57, 112)(58, 123)(59, 94)(60, 79)(63, 124)(67, 
        109)(73, 113)(75, 103)(77, 84)(78, 101)(80, 88)(81, 83)(82, 106)(86, 
        97)(87, 90)(95, 100)(96, 126)(98, 118)(108, 122),
    (1, 61)(2, 119)(3, 123)(4, 26)(5, 20)(6, 76)(7, 67)(8, 93)(9, 17)(10, 
        124)(11, 107)(12, 83)(13, 81)(14, 105)(15, 32)(16, 43)(18, 21)(19, 
        69)(22, 35)(23, 112)(24, 96)(25, 52)(27, 80)(28, 72)(29, 88)(30, 
        109)(31, 73)(33, 46)(34, 97)(36, 53)(37, 121)(38, 85)(39, 106)(40, 
        122)(41, 114)(42, 64)(44, 98)(45, 82)(47, 50)(48, 63)(49, 125)(51, 
        59)(54, 89)(55, 113)(56, 111)(57, 87)(58, 70)(60, 101)(62, 118)(65, 
        71)(66, 75)(68, 86)(74, 117)(77, 120)(78, 94)(79, 99)(84, 103)(90, 
        92)(91, 110)(95, 115)(100, 116)(102, 104)(108, 126)
]
{1, 2} [ 63, 63, 63 ]
{1, 3} [ 63, 63, 63 ]
{2, 3} [ 63, 63, 63 ]
[
    (1, 45)(2, 28)(3, 122)(4, 17)(5, 57)(6, 103)(7, 65)(8, 71)(9, 77)(10, 
        39)(11, 85)(12, 125)(13, 20)(14, 114)(15, 97)(16, 58)(18, 121)(19, 
        115)(21, 124)(22, 26)(23, 74)(24, 41)(25, 75)(27, 123)(29, 44)(30, 
        62)(31, 87)(32, 37)(33, 94)(34, 89)(35, 60)(36, 95)(38, 86)(40, 76)(42, 
        73)(43, 63)(46, 83)(47, 106)(48, 109)(49, 52)(50, 91)(51, 92)(53, 
        108)(54, 81)(55, 111)(56, 104)(59, 96)(61, 88)(64, 72)(66, 102)(67, 
        117)(68, 119)(69, 100)(70, 78)(79, 99)(80, 112)(82, 107)(84, 126)(90, 
        93)(98, 113)(101, 118)(105, 110)(116, 120),
    (1, 115)(2, 72)(3, 114)(4, 126)(5, 97)(6, 30)(7, 61)(8, 87)(9, 125)(10, 
        78)(11, 88)(12, 79)(13, 48)(14, 38)(15, 81)(16, 62)(17, 26)(18, 27)(19, 
        119)(20, 63)(21, 60)(22, 85)(23, 110)(24, 107)(25, 51)(28, 108)(29, 
        89)(31, 122)(32, 91)(33, 82)(34, 92)(35, 45)(36, 83)(37, 109)(39, 
        73)(40, 44)(41, 56)(42, 98)(43, 55)(46, 96)(47, 75)(49, 100)(50, 58)(52,
        113)(53, 67)(54, 94)(57, 118)(59, 80)(64, 77)(65, 101)(66, 71)(68, 
        86)(69, 105)(70, 121)(74, 124)(76, 116)(84, 102)(90, 111)(93, 106)(95, 
        123)(99, 104)(103, 117)(112, 120),
    (1, 37)(2, 69)(3, 107)(4, 20)(5, 78)(6, 49)(7, 116)(8, 59)(9, 124)(10, 
        25)(11, 34)(12, 91)(13, 47)(14, 92)(15, 93)(16, 95)(17, 46)(18, 31)(19, 
        81)(21, 65)(22, 55)(23, 28)(24, 112)(26, 88)(27, 62)(29, 102)(30, 
        119)(32, 53)(33, 39)(35, 63)(36, 56)(38, 105)(40, 67)(41, 111)(42, 
        86)(43, 123)(44, 72)(45, 80)(48, 99)(50, 108)(51, 71)(52, 85)(54, 
        75)(57, 125)(58, 101)(60, 94)(61, 90)(64, 110)(66, 122)(68, 74)(70, 
        106)(73, 96)(76, 89)(77, 114)(79, 84)(82, 97)(83, 121)(87, 103)(98, 
        109)(100, 117)(104, 126)(113, 115)(118, 120)
]
{1, 2} [ 63, 63, 63 ]
{1, 3} [ 63, 63, 63 ]
{2, 3} [ 63, 63, 63 ]
[
    (1, 122)(2, 60)(3, 90)(4, 125)(5, 18)(6, 109)(7, 101)(8, 99)(9, 61)(10, 
        12)(11, 91)(13, 105)(14, 52)(15, 42)(16, 69)(17, 120)(19, 81)(20, 
        30)(21, 113)(22, 97)(23, 64)(24, 93)(25, 119)(26, 75)(27, 118)(28, 
        47)(29, 104)(31, 67)(32, 77)(33, 102)(34, 48)(35, 115)(36, 123)(37, 
        41)(38, 50)(39, 82)(40, 71)(43, 73)(44, 87)(45, 107)(46, 68)(49, 94)(51,
        100)(53, 83)(54, 70)(55, 86)(56, 72)(57, 110)(58, 80)(59, 95)(62, 
        103)(63, 126)(65, 117)(66, 124)(74, 112)(76, 88)(78, 92)(79, 98)(84, 
        111)(85, 89)(96, 106)(108, 121)(114, 116),
    (1, 88)(2, 107)(3, 101)(4, 104)(5, 57)(6, 16)(7, 91)(8, 43)(9, 63)(10, 
        95)(11, 65)(12, 111)(13, 44)(14, 18)(15, 123)(17, 69)(19, 108)(20, 
        40)(21, 78)(22, 41)(23, 90)(24, 118)(25, 48)(26, 49)(27, 103)(28, 
        84)(29, 74)(30, 61)(31, 66)(32, 79)(33, 52)(34, 54)(35, 106)(36, 
        124)(37, 100)(38, 76)(39, 94)(42, 121)(45, 126)(46, 116)(47, 97)(50, 
        82)(51, 110)(53, 122)(55, 92)(56, 60)(58, 68)(59, 77)(62, 89)(64, 
        105)(67, 109)(70, 96)(71, 99)(72, 93)(73, 112)(75, 119)(80, 102)(81, 
        125)(83, 85)(86, 87)(98, 120)(113, 114)(115, 117),
    (1, 56)(2, 73)(3, 75)(4, 114)(5, 92)(6, 79)(7, 67)(8, 65)(9, 102)(10, 
        93)(11, 76)(12, 18)(13, 21)(14, 41)(15, 125)(16, 20)(17, 107)(19, 
        110)(22, 112)(23, 105)(24, 106)(25, 51)(26, 55)(27, 120)(28, 43)(29, 
        39)(30, 97)(31, 89)(32, 99)(33, 58)(34, 83)(35, 47)(36, 119)(37, 
        124)(38, 45)(40, 98)(42, 66)(44, 57)(46, 95)(48, 68)(49, 77)(50, 
        123)(52, 80)(53, 118)(54, 126)(59, 60)(61, 81)(62, 122)(63, 87)(64, 
        121)(69, 70)(71, 96)(72, 85)(74, 103)(78, 104)(82, 94)(84, 91)(86, 
        101)(88, 115)(90, 100)(108, 116)(109, 113)(111, 117)
]
{1, 2} [ 63, 63, 63 ]
{1, 3} [ 63, 63, 63 ]
{2, 3} [ 63, 63, 63 ]
[
    (1, 100)(2, 36)(3, 85)(4, 107)(5, 54)(6, 102)(7, 111)(8, 88)(9, 105)(10, 
        120)(11, 110)(12, 93)(13, 34)(14, 89)(15, 40)(16, 66)(17, 19)(18, 
        99)(20, 67)(21, 86)(22, 97)(23, 103)(24, 124)(25, 90)(26, 108)(27, 
        68)(28, 61)(29, 48)(30, 114)(31, 39)(32, 47)(33, 38)(35, 74)(37, 76)(41,
        119)(42, 56)(43, 84)(44, 91)(45, 95)(46, 115)(49, 116)(50, 83)(51, 
        125)(52, 58)(53, 59)(55, 69)(57, 106)(60, 112)(62, 121)(63, 82)(64, 
        79)(65, 122)(70, 118)(71, 96)(72, 80)(73, 78)(75, 109)(77, 98)(81, 
        123)(87, 113)(92, 94)(101, 117)(104, 126),
    (1, 27)(2, 4)(3, 124)(5, 104)(6, 68)(7, 15)(8, 54)(9, 99)(10, 95)(11, 
        105)(12, 86)(13, 79)(14, 23)(16, 42)(17, 21)(18, 72)(19, 92)(20, 29)(22,
        26)(24, 77)(25, 97)(28, 36)(30, 90)(31, 83)(32, 64)(33, 74)(34, 70)(35, 
        115)(37, 101)(38, 65)(39, 41)(40, 45)(43, 57)(44, 123)(46, 125)(47, 
        71)(48, 88)(49, 61)(50, 87)(51, 106)(52, 91)(53, 66)(55, 73)(56, 85)(58,
        102)(59, 107)(60, 75)(62, 110)(63, 118)(67, 111)(69, 80)(76, 93)(78, 
        117)(81, 121)(82, 119)(84, 113)(89, 100)(94, 109)(96, 114)(98, 122)(103,
        116)(108, 120)(112, 126),
    (1, 97)(2, 55)(3, 43)(4, 72)(5, 13)(6, 108)(7, 82)(8, 44)(9, 91)(10, 81)(11,
        90)(12, 121)(14, 88)(15, 107)(16, 17)(18, 50)(19, 106)(20, 109)(21, 
        84)(22, 59)(23, 62)(24, 118)(25, 26)(27, 61)(28, 80)(29, 37)(30, 47)(31,
        78)(32, 87)(33, 77)(34, 124)(35, 86)(36, 60)(38, 96)(39, 125)(40, 
        113)(41, 71)(42, 114)(45, 73)(46, 94)(48, 69)(49, 111)(51, 56)(52, 
        102)(53, 75)(54, 126)(57, 119)(58, 89)(63, 92)(64, 68)(65, 98)(66, 
        116)(67, 83)(70, 103)(74, 122)(76, 105)(79, 110)(85, 101)(93, 115)(95, 
        123)(99, 120)(100, 104)(112, 117)
]
{1, 2} [ 63, 63, 63 ]
{1, 3} [ 63, 63, 63 ]
{2, 3} [ 63, 63, 63 ]
[
    (1, 19)(2, 90)(3, 93)(4, 47)(5, 31)(6, 27)(7, 67)(8, 115)(9, 72)(10, 29)(11,
        77)(12, 117)(13, 113)(14, 97)(15, 51)(16, 54)(17, 125)(18, 26)(20, 
        94)(21, 103)(22, 55)(23, 109)(24, 58)(25, 87)(28, 108)(30, 61)(32, 
        102)(33, 74)(34, 56)(35, 121)(36, 116)(37, 106)(38, 107)(39, 69)(40, 
        101)(41, 123)(42, 112)(43, 104)(44, 59)(45, 92)(46, 71)(48, 80)(49, 
        60)(50, 124)(52, 99)(53, 63)(57, 119)(62, 68)(64, 96)(65, 66)(70, 
        111)(73, 98)(75, 105)(76, 82)(78, 79)(81, 91)(83, 114)(84, 95)(85, 
        100)(86, 120)(88, 110)(89, 122)(118, 126),
    (1, 118)(2, 121)(3, 32)(4, 87)(5, 89)(6, 98)(7, 64)(8, 124)(9, 79)(10, 
        68)(11, 75)(12, 18)(13, 24)(14, 69)(15, 23)(16, 108)(17, 30)(19, 78)(20,
        86)(21, 59)(22, 71)(25, 109)(26, 56)(27, 110)(28, 94)(29, 114)(31, 
        67)(33, 77)(34, 53)(35, 105)(36, 95)(37, 81)(38, 62)(39, 103)(40, 
        41)(42, 70)(43, 92)(44, 72)(45, 100)(46, 104)(47, 83)(48, 123)(49, 
        54)(50, 107)(51, 125)(52, 76)(55, 93)(57, 120)(58, 88)(60, 65)(61, 
        80)(63, 115)(66, 117)(73, 74)(82, 111)(84, 97)(85, 126)(90, 101)(91, 
        99)(96, 102)(106, 116)(112, 119)(113, 122),
    (1, 114)(2, 13)(3, 45)(4, 126)(5, 116)(6, 25)(7, 81)(8, 51)(9, 54)(10, 
        85)(11, 14)(12, 43)(15, 62)(16, 22)(17, 123)(18, 80)(19, 92)(20, 93)(21,
        47)(23, 24)(26, 63)(27, 102)(28, 68)(29, 73)(30, 40)(31, 105)(32, 
        94)(33, 38)(34, 48)(35, 52)(36, 70)(37, 55)(39, 83)(41, 118)(42, 76)(44,
        84)(46, 117)(49, 86)(50, 97)(53, 113)(56, 119)(57, 75)(58, 103)(59, 
        125)(60, 77)(61, 104)(64, 78)(65, 91)(66, 121)(67, 109)(69, 100)(71, 
        120)(72, 82)(74, 79)(87, 106)(88, 89)(90, 96)(95, 115)(98, 101)(99, 
        110)(107, 122)(108, 112)(111, 124)
]
{1, 2} [ 63, 63, 63 ]
{1, 3} [ 63, 63, 63 ]
{2, 3} [ 63, 63, 63 ]
[
    (1, 23)(2, 78)(3, 123)(4, 70)(5, 6)(7, 63)(8, 103)(9, 86)(10, 32)(11, 
        35)(12, 39)(13, 118)(14, 49)(15, 60)(16, 67)(17, 92)(18, 99)(19, 
        110)(20, 41)(21, 120)(22, 124)(24, 73)(25, 56)(26, 96)(27, 28)(29, 
        89)(30, 36)(31, 81)(33, 112)(34, 72)(37, 50)(38, 121)(40, 68)(42, 
        62)(43, 57)(44, 46)(45, 93)(47, 126)(48, 59)(51, 83)(52, 88)(53, 82)(54,
        79)(55, 64)(58, 74)(61, 69)(65, 84)(66, 114)(71, 107)(75, 94)(76, 
        108)(77, 106)(80, 105)(85, 101)(87, 125)(90, 98)(91, 119)(95, 104)(97, 
        117)(100, 111)(102, 116)(109, 122)(113, 115),
    (1, 32)(2, 75)(3, 8)(4, 12)(5, 109)(6, 49)(7, 98)(9, 117)(10, 53)(11, 
        97)(13, 74)(14, 124)(15, 82)(16, 66)(17, 81)(18, 28)(19, 20)(21, 79)(22,
        93)(23, 80)(24, 62)(25, 91)(26, 126)(27, 58)(29, 116)(30, 69)(31, 
        41)(33, 59)(34, 94)(35, 123)(36, 105)(37, 92)(38, 106)(39, 40)(42, 
        104)(43, 119)(44, 103)(45, 61)(46, 111)(47, 55)(48, 88)(50, 68)(51, 
        56)(52, 87)(54, 76)(57, 110)(60, 96)(63, 100)(64, 120)(65, 121)(67, 
        84)(70, 112)(71, 90)(72, 99)(73, 115)(77, 102)(78, 107)(83, 108)(85, 
        122)(86, 113)(89, 125)(95, 114)(101, 118),
    (1, 42)(2, 15)(3, 11)(4, 23)(5, 43)(6, 92)(7, 25)(8, 105)(9, 29)(10, 62)(12,
        28)(13, 122)(14, 53)(16, 98)(17, 19)(18, 112)(20, 44)(21, 26)(22, 
        123)(24, 104)(27, 61)(30, 82)(31, 65)(32, 100)(33, 45)(34, 55)(35, 
        107)(36, 93)(37, 58)(38, 52)(39, 78)(40, 54)(41, 108)(46, 109)(47, 
        59)(48, 72)(49, 87)(50, 91)(51, 110)(56, 125)(57, 111)(60, 118)(63, 
        83)(64, 80)(66, 71)(67, 85)(68, 114)(69, 88)(70, 95)(73, 75)(74, 
        106)(76, 120)(77, 90)(79, 96)(81, 89)(84, 113)(86, 126)(94, 117)(97, 
        103)(99, 102)(101, 124)(115, 121)(116, 119)
]
{1, 2} [ 63, 63, 63 ]
{1, 3} [ 63, 63, 63 ]
{2, 3} [ 63, 63, 63 ]
[
    (1, 74)(2, 86)(3, 62)(4, 27)(5, 93)(6, 107)(7, 15)(8, 9)(10, 29)(11, 
        109)(12, 24)(13, 22)(14, 57)(16, 108)(17, 115)(18, 110)(19, 120)(20, 
        81)(21, 72)(23, 49)(25, 60)(26, 30)(28, 68)(31, 55)(32, 47)(33, 121)(34,
        88)(35, 67)(36, 56)(37, 84)(38, 92)(39, 80)(40, 124)(41, 43)(42, 89)(44,
        73)(45, 106)(46, 87)(48, 51)(50, 61)(52, 125)(53, 82)(54, 105)(58, 
        98)(59, 91)(63, 126)(64, 123)(65, 76)(66, 101)(69, 112)(70, 90)(71, 
        95)(75, 78)(77, 103)(79, 94)(83, 85)(96, 100)(97, 116)(99, 122)(102, 
        114)(104, 113)(111, 119)(117, 118),
    (1, 14)(2, 124)(3, 69)(4, 17)(5, 111)(6, 21)(7, 62)(8, 57)(9, 72)(10, 
        87)(11, 82)(12, 123)(13, 33)(15, 75)(16, 20)(18, 29)(19, 61)(22, 41)(23,
        97)(24, 67)(25, 70)(26, 101)(27, 30)(28, 59)(31, 78)(32, 38)(34, 96)(35,
        108)(36, 109)(37, 63)(39, 40)(42, 79)(43, 118)(44, 84)(45, 89)(46, 
        56)(47, 121)(48, 110)(49, 54)(50, 64)(51, 68)(52, 86)(53, 71)(55, 
        99)(58, 92)(60, 100)(65, 102)(66, 113)(73, 91)(74, 119)(76, 93)(77, 
        120)(80, 94)(81, 107)(83, 125)(85, 116)(88, 98)(90, 95)(103, 122)(104, 
        105)(106, 112)(114, 117)(115, 126),
    (1, 51)(2, 114)(3, 91)(4, 7)(5, 73)(6, 112)(8, 38)(9, 19)(10, 64)(11, 
        21)(12, 99)(13, 93)(14, 69)(15, 78)(16, 87)(17, 63)(18, 57)(20, 92)(22, 
        118)(23, 26)(24, 44)(25, 83)(27, 65)(28, 42)(29, 105)(30, 35)(31, 
        79)(32, 98)(33, 90)(34, 104)(36, 88)(37, 54)(39, 62)(40, 115)(41, 
        116)(43, 55)(45, 72)(46, 95)(47, 81)(48, 49)(50, 97)(52, 122)(53, 
        86)(56, 71)(58, 124)(59, 106)(60, 89)(61, 110)(66, 123)(67, 96)(68, 
        120)(70, 103)(74, 76)(75, 109)(77, 125)(80, 82)(84, 111)(85, 100)(94, 
        117)(101, 113)(102, 119)(107, 108)(121, 126)
]
{1, 2} [ 63, 63, 63 ]
{1, 3} [ 63, 63, 63 ]
{2, 3} [ 63, 63, 63 ]
17
[
    [ 7, 1 ],
    [ 9, 1 ],
    [ 31, 3 ],
    [ 62, 5 ],
    [ 63, 7 ]
]
226.760
[
    (1, 30)(2, 33)(3, 124)(4, 111)(5, 90)(6, 47)(7, 26)(8, 13)(9, 104)(10, 
        107)(11, 43)(12, 95)(14, 28)(15, 74)(16, 76)(17, 71)(18, 27)(19, 49)(20,
        102)(21, 45)(22, 113)(23, 101)(24, 115)(25, 100)(29, 32)(31, 52)(34, 
        67)(35, 117)(36, 114)(37, 112)(38, 58)(39, 40)(41, 64)(42, 125)(44, 
        60)(46, 53)(48, 82)(50, 86)(51, 87)(54, 65)(55, 89)(56, 81)(57, 75)(59, 
        69)(61, 121)(62, 80)(63, 122)(66, 120)(68, 78)(70, 103)(72, 83)(73, 
        96)(77, 93)(79, 99)(84, 91)(85, 106)(88, 118)(92, 116)(94, 126)(97, 
        98)(105, 108)(109, 123)(110, 119),
    (1, 24)(2, 44)(3, 84)(4, 106)(5, 66)(6, 68)(7, 105)(8, 28)(9, 17)(10, 
        59)(11, 51)(12, 69)(13, 48)(14, 95)(15, 61)(16, 124)(18, 77)(19, 31)(20,
        125)(21, 80)(22, 121)(23, 34)(25, 107)(26, 115)(27, 122)(29, 86)(30, 
        92)(32, 93)(33, 126)(35, 113)(36, 58)(37, 83)(38, 53)(39, 88)(40, 
        62)(41, 116)(42, 46)(43, 101)(45, 60)(47, 87)(49, 112)(50, 85)(52, 
        56)(54, 96)(55, 123)(57, 108)(63, 111)(64, 75)(65, 98)(67, 79)(70, 
        90)(71, 102)(72, 109)(73, 117)(74, 97)(76, 103)(78, 99)(81, 89)(82, 
        100)(91, 119)(94, 118)(104, 114)(110, 120),
    (1, 94)(2, 86)(3, 116)(4, 45)(5, 126)(6, 110)(7, 98)(8, 88)(9, 46)(10, 
        99)(11, 57)(12, 47)(13, 35)(14, 19)(15, 100)(16, 29)(17, 59)(18, 51)(20,
        30)(21, 78)(22, 50)(23, 109)(24, 111)(25, 85)(26, 58)(27, 101)(28, 
        62)(31, 112)(32, 38)(33, 114)(34, 121)(36, 122)(37, 108)(39, 54)(40, 
        90)(41, 61)(42, 71)(43, 64)(44, 118)(48, 72)(49, 52)(53, 70)(55, 
        105)(56, 65)(60, 120)(63, 79)(66, 82)(67, 124)(68, 69)(73, 97)(74, 
        103)(75, 92)(76, 77)(80, 89)(81, 102)(83, 117)(84, 104)(87, 119)(91, 
        106)(93, 96)(95, 123)(107, 113)(115, 125)
]
{1, 2} [ 7, 7, 7 ]
{1, 3} [ 7, 7, 7 ]
{2, 3} [ 7, 7, 7 ]
[
    (1, 115)(2, 37)(3, 7)(4, 107)(5, 45)(6, 113)(8, 32)(9, 24)(10, 98)(11, 
        65)(12, 44)(13, 33)(14, 61)(15, 69)(16, 57)(17, 101)(18, 20)(19, 66)(21,
        50)(22, 83)(23, 64)(25, 28)(26, 126)(27, 38)(29, 102)(30, 59)(31, 
        82)(34, 117)(35, 75)(36, 68)(39, 106)(40, 103)(41, 100)(42, 53)(43, 
        78)(46, 89)(47, 67)(48, 72)(49, 124)(51, 104)(52, 55)(54, 80)(56, 
        71)(58, 123)(60, 62)(63, 105)(70, 108)(73, 77)(74, 93)(76, 99)(79, 
        91)(81, 90)(84, 109)(85, 119)(86, 114)(87, 121)(88, 96)(92, 120)(94, 
        95)(97, 122)(110, 118)(111, 112)(116, 125),
    (1, 69)(2, 12)(3, 122)(4, 43)(5, 48)(6, 120)(7, 84)(8, 109)(9, 68)(10, 
        78)(11, 70)(13, 124)(14, 47)(15, 112)(16, 116)(17, 61)(18, 62)(19, 
        55)(20, 28)(21, 25)(22, 57)(23, 29)(24, 60)(26, 42)(27, 126)(30, 91)(31,
        74)(32, 65)(33, 102)(34, 100)(35, 88)(36, 75)(37, 53)(38, 92)(39, 
        94)(40, 111)(41, 113)(44, 117)(45, 105)(46, 103)(49, 114)(50, 56)(51, 
        59)(52, 79)(54, 58)(63, 89)(64, 93)(66, 81)(67, 77)(71, 96)(72, 121)(73,
        85)(76, 83)(80, 104)(82, 95)(86, 106)(87, 115)(90, 118)(97, 98)(99, 
        119)(101, 125)(107, 108)(110, 123),
    (1, 72)(2, 26)(3, 59)(4, 71)(5, 110)(6, 21)(7, 117)(8, 45)(9, 33)(10, 
        11)(12, 85)(13, 107)(14, 29)(15, 95)(16, 39)(17, 60)(18, 101)(19, 
        122)(20, 66)(22, 54)(23, 76)(24, 25)(27, 116)(28, 44)(30, 51)(31, 
        90)(32, 102)(34, 89)(35, 96)(36, 94)(37, 75)(38, 98)(40, 62)(41, 
        105)(42, 118)(43, 119)(46, 93)(47, 88)(48, 79)(49, 106)(50, 57)(52, 
        70)(53, 87)(55, 112)(56, 120)(58, 103)(61, 64)(63, 123)(65, 126)(67, 
        125)(68, 115)(69, 83)(73, 114)(74, 108)(77, 81)(78, 92)(80, 84)(82, 
        113)(86, 124)(91, 109)(97, 100)(99, 121)(104, 111)
]
{1, 2} [ 9, 9, 9 ]
{1, 3} [ 9, 9, 9 ]
{2, 3} [ 9, 9, 9 ]
[
    (1, 50)(2, 67)(3, 98)(4, 29)(5, 44)(6, 31)(7, 43)(8, 78)(9, 82)(10, 12)(11, 
        102)(13, 47)(14, 21)(15, 60)(16, 73)(17, 121)(18, 40)(19, 88)(20, 
        101)(22, 114)(23, 25)(24, 59)(26, 79)(27, 83)(28, 118)(30, 117)(32, 
        63)(33, 94)(34, 111)(35, 99)(36, 84)(37, 74)(38, 58)(39, 65)(41, 
        100)(42, 75)(45, 97)(46, 70)(48, 51)(49, 54)(52, 56)(53, 66)(55, 85)(57,
        68)(61, 120)(62, 126)(64, 116)(69, 81)(71, 89)(72, 90)(76, 106)(77, 
        125)(80, 92)(86, 119)(87, 124)(91, 115)(93, 104)(95, 108)(96, 122)(103, 
        123)(105, 109)(107, 112)(110, 113),
    (1, 48)(2, 67)(3, 78)(4, 84)(5, 105)(6, 71)(7, 89)(8, 49)(9, 42)(10, 29)(11,
        95)(12, 20)(13, 28)(14, 19)(15, 120)(16, 55)(17, 109)(18, 57)(21, 
        122)(22, 100)(23, 37)(24, 65)(25, 72)(26, 76)(27, 96)(30, 97)(31, 
        64)(32, 106)(33, 39)(34, 40)(35, 112)(36, 50)(38, 87)(41, 93)(43, 
        102)(44, 63)(45, 60)(46, 103)(47, 123)(51, 99)(52, 77)(53, 61)(54, 
        59)(56, 90)(58, 79)(62, 104)(66, 110)(68, 94)(69, 115)(70, 121)(73, 
        75)(74, 119)(80, 125)(81, 108)(82, 98)(83, 113)(85, 107)(86, 116)(88, 
        111)(91, 118)(92, 114)(101, 117)(124, 126),
    (1, 102)(2, 18)(3, 113)(4, 29)(5, 110)(6, 119)(7, 87)(8, 51)(9, 86)(10, 
        97)(11, 78)(12, 125)(13, 85)(14, 82)(15, 41)(16, 77)(17, 106)(19, 
        94)(20, 108)(21, 126)(22, 63)(23, 111)(24, 88)(25, 114)(26, 56)(27, 
        30)(28, 99)(31, 42)(32, 103)(33, 55)(34, 121)(35, 79)(36, 50)(37, 
        112)(38, 66)(39, 71)(40, 59)(43, 107)(44, 124)(45, 122)(46, 118)(47, 
        64)(48, 58)(49, 117)(52, 96)(53, 120)(54, 115)(57, 69)(60, 92)(61, 
        70)(62, 74)(65, 93)(67, 84)(68, 109)(72, 91)(73, 83)(75, 105)(76, 
        98)(80, 123)(81, 95)(89, 100)(90, 116)(101, 104)
]
{1, 2} [ 31, 31, 31 ]
{1, 3} [ 31, 31, 31 ]
{2, 3} [ 31, 31, 31 ]
[
    (1, 7)(2, 26)(3, 91)(4, 51)(5, 27)(6, 82)(8, 74)(9, 10)(11, 67)(12, 107)(13,
        90)(14, 36)(15, 39)(16, 43)(17, 122)(18, 53)(19, 64)(20, 71)(21, 96)(22,
        103)(23, 114)(24, 45)(25, 124)(28, 77)(29, 60)(30, 100)(31, 32)(33, 
        93)(34, 40)(35, 85)(37, 116)(38, 76)(41, 54)(42, 125)(44, 72)(46, 
        66)(47, 61)(48, 50)(49, 97)(52, 63)(55, 87)(56, 92)(57, 86)(58, 83)(59, 
        68)(62, 78)(65, 73)(69, 88)(70, 118)(75, 111)(79, 98)(80, 112)(81, 
        110)(84, 109)(89, 105)(94, 102)(95, 123)(99, 108)(101, 121)(104, 
        115)(106, 120)(113, 126)(117, 119),
    (1, 120)(2, 121)(3, 104)(4, 37)(5, 32)(6, 68)(7, 84)(8, 46)(9, 56)(10, 
        80)(11, 35)(12, 107)(13, 70)(14, 17)(15, 110)(16, 96)(18, 119)(19, 
        63)(20, 36)(21, 50)(22, 98)(23, 88)(24, 100)(25, 93)(26, 106)(27, 
        81)(28, 39)(29, 97)(30, 67)(31, 44)(33, 125)(34, 99)(38, 115)(40, 
        49)(41, 95)(42, 112)(43, 51)(45, 65)(47, 69)(48, 58)(52, 109)(53, 
        75)(54, 116)(55, 92)(57, 77)(59, 103)(60, 126)(61, 124)(62, 122)(64, 
        74)(66, 113)(71, 79)(72, 101)(73, 82)(76, 114)(78, 91)(83, 94)(85, 
        118)(86, 102)(87, 111)(89, 123)(90, 117)(105, 108),
    (1, 116)(2, 40)(3, 101)(4, 69)(5, 51)(6, 52)(7, 19)(8, 9)(10, 61)(11, 
        75)(12, 86)(13, 83)(14, 119)(15, 93)(16, 113)(17, 55)(18, 109)(20, 
        96)(21, 124)(22, 31)(23, 29)(24, 95)(25, 121)(26, 35)(27, 58)(28, 
        34)(30, 125)(32, 62)(33, 88)(36, 59)(37, 87)(38, 50)(39, 74)(41, 70)(42,
        90)(43, 64)(44, 100)(45, 97)(46, 108)(47, 122)(48, 49)(53, 114)(54, 
        82)(56, 67)(57, 77)(60, 78)(63, 112)(65, 107)(66, 73)(68, 85)(71, 
        120)(72, 111)(76, 118)(79, 92)(80, 84)(81, 89)(91, 104)(94, 102)(98, 
        115)(99, 103)(105, 123)(106, 126)(110, 117)
]
{1, 2} [ 31, 31, 31 ]
{1, 3} [ 31, 31, 31 ]
{2, 3} [ 31, 31, 31 ]
[
    (1, 43)(2, 21)(3, 30)(4, 46)(5, 70)(6, 59)(7, 111)(8, 33)(9, 38)(10, 78)(11,
        80)(12, 74)(13, 72)(14, 39)(15, 124)(16, 53)(17, 44)(18, 109)(19, 
        105)(20, 56)(22, 82)(23, 94)(24, 79)(25, 91)(26, 45)(27, 117)(28, 
        68)(29, 64)(31, 120)(32, 49)(34, 101)(35, 99)(36, 93)(37, 95)(40, 
        62)(41, 114)(42, 103)(47, 86)(48, 66)(50, 100)(51, 121)(52, 122)(54, 
        92)(55, 71)(57, 83)(58, 89)(60, 65)(61, 69)(63, 106)(67, 110)(73, 
        123)(75, 85)(76, 77)(81, 119)(84, 115)(87, 126)(88, 98)(90, 116)(96, 
        97)(102, 118)(104, 112)(107, 125)(108, 113),
    (1, 7)(2, 42)(3, 76)(4, 118)(5, 6)(8, 17)(9, 82)(10, 125)(11, 53)(12, 
        113)(13, 37)(14, 69)(15, 97)(16, 71)(18, 101)(19, 111)(20, 109)(21, 
        34)(22, 87)(23, 50)(24, 54)(25, 92)(26, 107)(27, 96)(28, 121)(29, 
        103)(30, 38)(31, 61)(32, 74)(33, 120)(35, 62)(36, 41)(39, 105)(40, 
        88)(43, 83)(44, 49)(45, 123)(46, 106)(47, 55)(48, 72)(51, 64)(52, 
        91)(56, 108)(57, 90)(58, 115)(59, 104)(60, 119)(63, 124)(65, 102)(66, 
        100)(67, 110)(68, 77)(70, 114)(73, 98)(75, 86)(78, 84)(79, 80)(81, 
        93)(85, 117)(89, 112)(94, 126)(95, 116)(99, 122),
    (1, 115)(2, 5)(3, 19)(4, 46)(6, 50)(7, 69)(8, 99)(9, 108)(10, 80)(11, 
        37)(12, 28)(13, 89)(14, 81)(15, 103)(16, 54)(17, 76)(18, 68)(20, 
        120)(21, 77)(22, 49)(23, 58)(24, 88)(25, 107)(26, 29)(27, 111)(30, 
        42)(31, 53)(32, 92)(33, 47)(34, 105)(35, 48)(36, 41)(38, 83)(39, 62)(40,
        70)(43, 94)(44, 90)(45, 78)(51, 91)(52, 123)(55, 75)(56, 73)(57, 93)(59,
        60)(61, 85)(63, 114)(64, 100)(65, 125)(66, 106)(67, 113)(71, 86)(72, 
        96)(74, 119)(79, 112)(82, 102)(84, 101)(87, 117)(95, 118)(97, 98)(104, 
        126)(109, 122)(110, 124)(116, 121)
]
{1, 2} [ 31, 31, 31 ]
{1, 3} [ 31, 31, 31 ]
{2, 3} [ 31, 31, 31 ]
[
    (1, 56)(2, 53)(3, 113)(4, 67)(5, 21)(6, 81)(7, 78)(8, 60)(9, 104)(10, 
        57)(11, 55)(12, 109)(13, 35)(14, 92)(15, 43)(16, 84)(17, 47)(18, 
        111)(19, 40)(20, 24)(22, 98)(23, 116)(25, 122)(26, 65)(27, 61)(28, 
        52)(29, 66)(30, 125)(31, 95)(32, 37)(33, 86)(34, 88)(36, 112)(38, 
        70)(39, 103)(41, 58)(42, 120)(44, 80)(45, 85)(46, 100)(48, 101)(49, 
        89)(50, 118)(51, 59)(54, 90)(62, 63)(64, 96)(68, 105)(69, 108)(71, 
        72)(73, 107)(74, 126)(75, 83)(76, 93)(77, 124)(79, 123)(82, 106)(87, 
        117)(91, 119)(94, 115)(97, 102)(99, 121)(110, 114),
    (1, 79)(2, 15)(3, 116)(4, 52)(5, 13)(6, 61)(7, 57)(8, 82)(9, 26)(10, 14)(11,
        81)(12, 40)(16, 34)(17, 37)(18, 102)(19, 83)(20, 55)(21, 28)(22, 
        109)(23, 100)(24, 53)(25, 90)(27, 38)(29, 113)(30, 51)(31, 108)(32, 
        62)(33, 84)(35, 58)(36, 67)(39, 77)(41, 106)(42, 88)(43, 89)(44, 56)(45,
        46)(47, 98)(48, 112)(49, 123)(50, 120)(54, 92)(59, 68)(60, 66)(63, 
        72)(64, 95)(65, 71)(69, 99)(70, 125)(73, 96)(74, 124)(75, 87)(76, 
        111)(78, 107)(80, 101)(85, 86)(91, 119)(93, 104)(94, 114)(97, 115)(103, 
        110)(105, 122)(117, 121)(118, 126),
    (1, 12)(2, 93)(3, 116)(4, 36)(5, 41)(6, 35)(7, 32)(8, 17)(9, 104)(10, 
        122)(11, 27)(13, 94)(14, 22)(15, 121)(16, 86)(18, 37)(19, 67)(20, 
        95)(21, 119)(23, 83)(24, 60)(25, 113)(26, 103)(28, 47)(29, 61)(30, 
        59)(31, 81)(33, 58)(34, 110)(38, 54)(39, 88)(40, 78)(42, 108)(43, 
        51)(44, 72)(45, 96)(46, 124)(48, 57)(49, 105)(50, 70)(52, 97)(53, 
        64)(55, 69)(56, 87)(62, 75)(63, 98)(65, 112)(66, 68)(71, 92)(73, 
        100)(74, 117)(76, 82)(77, 101)(79, 126)(80, 102)(84, 85)(89, 111)(90, 
        114)(91, 118)(99, 120)(106, 107)(109, 115)(123, 125)
]
{1, 2} [ 62, 62, 62 ]
{1, 3} [ 62, 62, 62 ]
{2, 3} [ 62, 62, 62 ]
[
    (1, 113)(2, 16)(3, 90)(4, 107)(5, 112)(6, 10)(7, 80)(8, 83)(9, 117)(11, 
        24)(12, 120)(13, 63)(14, 60)(15, 109)(17, 124)(18, 101)(19, 76)(20, 
        114)(21, 47)(22, 125)(23, 61)(25, 79)(26, 86)(27, 88)(28, 111)(29, 
        77)(30, 70)(31, 38)(32, 33)(34, 67)(35, 55)(36, 71)(37, 42)(39, 126)(40,
        89)(41, 102)(43, 103)(44, 81)(45, 75)(46, 121)(48, 85)(49, 122)(50, 
        104)(51, 57)(52, 100)(53, 110)(54, 84)(56, 65)(58, 93)(59, 99)(62, 
        95)(64, 73)(66, 116)(68, 106)(69, 115)(72, 78)(74, 94)(82, 108)(87, 
        92)(91, 98)(96, 97)(105, 118)(119, 123),
    (1, 115)(2, 94)(3, 62)(4, 47)(5, 125)(6, 56)(7, 70)(8, 84)(9, 15)(10, 
        93)(11, 78)(12, 46)(13, 25)(14, 28)(16, 97)(17, 92)(18, 64)(19, 103)(20,
        99)(21, 86)(22, 95)(23, 75)(24, 35)(26, 53)(27, 51)(29, 91)(30, 102)(31,
        60)(32, 68)(33, 50)(34, 71)(36, 58)(37, 121)(38, 110)(39, 42)(40, 
        88)(41, 120)(43, 124)(44, 85)(45, 118)(48, 123)(49, 111)(52, 100)(54, 
        119)(55, 96)(57, 61)(59, 66)(63, 73)(65, 117)(67, 77)(69, 106)(72, 
        108)(74, 81)(76, 122)(79, 83)(80, 109)(82, 104)(87, 114)(89, 113)(90, 
        107)(98, 101)(105, 116)(112, 126),
    (1, 42)(2, 3)(4, 45)(5, 112)(6, 13)(7, 109)(8, 116)(9, 89)(10, 78)(11, 
        124)(12, 59)(14, 64)(15, 51)(16, 22)(17, 87)(18, 118)(19, 103)(20, 
        101)(21, 120)(23, 86)(24, 30)(25, 52)(26, 71)(27, 69)(28, 54)(29, 
        85)(31, 121)(32, 108)(33, 40)(34, 113)(35, 48)(36, 94)(37, 83)(38, 
        56)(39, 63)(41, 60)(43, 44)(46, 61)(47, 58)(49, 79)(50, 107)(53, 
        102)(55, 88)(57, 110)(62, 115)(65, 122)(66, 80)(67, 75)(68, 100)(70, 
        119)(72, 104)(73, 76)(74, 91)(77, 82)(81, 98)(84, 117)(90, 95)(92, 
        106)(93, 123)(96, 99)(97, 105)(111, 126)(114, 125)
]
{1, 2} [ 62, 62, 62 ]
{1, 3} [ 62, 62, 62 ]
{2, 3} [ 62, 62, 62 ]
[
    (1, 69)(2, 93)(3, 20)(4, 31)(5, 123)(6, 9)(7, 57)(8, 119)(10, 23)(11, 
        100)(12, 84)(13, 40)(14, 118)(15, 68)(16, 60)(17, 76)(18, 97)(19, 
        61)(21, 34)(22, 85)(24, 41)(25, 109)(26, 73)(27, 94)(28, 110)(29, 
        102)(30, 52)(32, 86)(33, 70)(35, 38)(36, 51)(37, 113)(39, 47)(42, 
        77)(43, 101)(44, 99)(45, 75)(46, 58)(48, 89)(49, 115)(50, 106)(53, 
        59)(54, 63)(55, 121)(56, 74)(62, 105)(64, 120)(65, 108)(66, 82)(67, 
        87)(71, 126)(72, 91)(78, 80)(79, 98)(81, 122)(83, 103)(88, 104)(90, 
        92)(95, 125)(96, 114)(107, 116)(111, 117)(112, 124),
    (1, 40)(2, 12)(3, 98)(4, 30)(5, 65)(6, 94)(7, 76)(8, 63)(9, 77)(10, 11)(13, 
        75)(14, 90)(15, 74)(16, 32)(17, 82)(18, 26)(19, 59)(20, 103)(21, 39)(22,
        27)(23, 58)(24, 107)(25, 47)(28, 81)(29, 124)(31, 67)(33, 121)(34, 
        71)(35, 91)(36, 92)(37, 113)(38, 55)(41, 83)(42, 61)(43, 70)(44, 86)(45,
        110)(46, 99)(48, 73)(49, 78)(50, 118)(51, 120)(52, 114)(53, 112)(54, 
        79)(56, 93)(57, 84)(60, 96)(62, 122)(64, 119)(66, 85)(68, 108)(69, 
        104)(72, 89)(80, 102)(87, 126)(88, 106)(95, 111)(97, 123)(100, 105)(101,
        109)(115, 125)(116, 117),
    (1, 21)(2, 114)(3, 96)(4, 17)(5, 69)(6, 53)(7, 115)(8, 122)(9, 54)(10, 
        48)(11, 91)(12, 109)(13, 23)(14, 118)(15, 16)(18, 20)(19, 106)(22, 
        86)(24, 32)(25, 92)(26, 45)(27, 110)(28, 100)(29, 113)(30, 61)(31, 
        36)(33, 44)(34, 41)(35, 124)(37, 82)(38, 85)(39, 97)(40, 105)(42, 
        116)(43, 81)(46, 65)(47, 58)(49, 101)(50, 57)(51, 112)(52, 120)(55, 
        60)(56, 93)(59, 67)(62, 104)(63, 117)(64, 107)(66, 125)(68, 78)(70, 
        90)(71, 73)(72, 111)(74, 87)(75, 76)(77, 99)(79, 108)(80, 126)(83, 
        95)(84, 102)(88, 121)(89, 103)(94, 119)(98, 123)
]
{1, 2} [ 62, 62, 62 ]
{1, 3} [ 62, 62, 62 ]
{2, 3} [ 62, 62, 62 ]
[
    (1, 10)(2, 100)(3, 6)(4, 58)(5, 113)(7, 104)(8, 72)(9, 117)(11, 92)(12, 
        36)(13, 66)(14, 63)(15, 32)(16, 103)(17, 74)(18, 115)(19, 106)(20, 
        55)(21, 95)(22, 120)(23, 37)(24, 25)(26, 70)(27, 101)(28, 93)(29, 
        94)(30, 111)(31, 54)(33, 49)(34, 44)(35, 77)(38, 79)(39, 69)(40, 65)(41,
        47)(42, 62)(43, 84)(45, 87)(46, 125)(48, 105)(50, 114)(51, 126)(52, 
        96)(53, 83)(56, 109)(57, 82)(59, 108)(60, 80)(61, 124)(64, 118)(67, 
        102)(68, 91)(71, 122)(73, 89)(75, 81)(76, 123)(78, 88)(85, 99)(86, 
        110)(90, 107)(97, 98)(112, 121)(116, 119),
    (1, 78)(2, 107)(3, 43)(4, 57)(5, 33)(6, 72)(7, 14)(8, 31)(9, 116)(10, 
        18)(11, 13)(12, 36)(15, 73)(16, 27)(17, 20)(19, 88)(21, 66)(22, 58)(23, 
        108)(24, 115)(25, 30)(26, 56)(28, 48)(29, 106)(32, 61)(34, 92)(35, 
        101)(37, 63)(38, 52)(39, 123)(40, 62)(41, 86)(42, 113)(44, 70)(45, 
        67)(46, 75)(47, 111)(49, 85)(50, 103)(51, 81)(53, 114)(54, 119)(55, 
        69)(59, 79)(60, 122)(64, 104)(65, 120)(68, 110)(71, 95)(74, 102)(76, 
        99)(77, 82)(80, 91)(83, 118)(84, 125)(87, 90)(89, 97)(93, 100)(94, 
        96)(98, 117)(105, 126)(109, 121)(112, 124),
    (1, 18)(2, 124)(3, 109)(4, 57)(5, 29)(6, 93)(7, 38)(8, 116)(9, 119)(10, 
        101)(11, 55)(12, 90)(13, 105)(14, 21)(15, 23)(16, 49)(17, 58)(19, 
        60)(20, 73)(22, 66)(24, 33)(25, 89)(26, 81)(27, 126)(28, 61)(30, 95)(31,
        117)(32, 45)(34, 36)(35, 112)(37, 80)(39, 70)(40, 123)(41, 43)(42, 
        91)(44, 53)(46, 86)(47, 108)(48, 72)(50, 77)(51, 122)(52, 114)(54, 
        62)(56, 63)(59, 76)(64, 98)(65, 113)(67, 102)(68, 84)(69, 87)(71, 
        110)(74, 94)(75, 79)(78, 99)(82, 92)(83, 97)(85, 100)(88, 107)(96, 
        115)(103, 118)(104, 125)(106, 120)(111, 121)
]
{1, 2} [ 62, 62, 62 ]
{1, 3} [ 62, 62, 62 ]
{2, 3} [ 62, 62, 62 ]
[
    (1, 23)(2, 70)(3, 118)(4, 84)(5, 61)(6, 44)(7, 9)(8, 97)(10, 27)(11, 
        120)(12, 14)(13, 50)(15, 103)(16, 86)(17, 63)(18, 29)(19, 77)(20, 
        124)(21, 57)(22, 89)(24, 40)(25, 98)(26, 69)(28, 79)(30, 45)(31, 54)(32,
        111)(33, 67)(34, 112)(35, 113)(36, 115)(37, 66)(38, 51)(39, 101)(41, 
        85)(42, 75)(43, 48)(46, 108)(47, 82)(49, 122)(52, 73)(53, 59)(55, 
        83)(56, 76)(58, 125)(60, 87)(62, 106)(64, 92)(65, 100)(68, 119)(71, 
        91)(72, 105)(74, 95)(78, 121)(80, 114)(81, 110)(88, 94)(90, 126)(93, 
        116)(96, 109)(99, 104)(102, 117)(107, 123),
    (1, 2)(3, 47)(4, 78)(5, 70)(6, 71)(7, 88)(8, 31)(9, 118)(10, 26)(11, 21)(12,
        54)(13, 115)(14, 126)(15, 56)(16, 46)(17, 42)(18, 24)(19, 39)(20, 
        61)(22, 64)(23, 102)(25, 82)(27, 91)(28, 103)(29, 73)(30, 60)(32, 
        123)(33, 86)(34, 59)(35, 107)(36, 85)(37, 57)(38, 101)(40, 117)(41, 
        95)(43, 116)(44, 79)(45, 68)(48, 99)(49, 111)(50, 66)(51, 120)(52, 
        58)(53, 100)(55, 65)(62, 76)(63, 87)(67, 84)(69, 114)(72, 124)(74, 
        75)(77, 105)(80, 119)(81, 110)(83, 122)(89, 98)(90, 108)(92, 121)(93, 
        96)(94, 112)(97, 125)(104, 113)(106, 109),
    (1, 99)(2, 39)(3, 24)(4, 16)(5, 83)(6, 87)(7, 124)(8, 57)(9, 125)(10, 
        50)(11, 106)(12, 26)(13, 112)(14, 70)(15, 29)(17, 38)(18, 21)(19, 
        45)(20, 23)(22, 122)(25, 37)(27, 97)(28, 55)(30, 61)(31, 117)(32, 
        42)(33, 110)(34, 43)(35, 80)(36, 84)(40, 68)(41, 95)(44, 105)(46, 
        108)(47, 64)(48, 54)(49, 79)(51, 58)(52, 107)(53, 69)(56, 102)(59, 
        121)(60, 115)(62, 123)(63, 92)(65, 111)(66, 100)(67, 101)(71, 90)(72, 
        126)(73, 78)(74, 76)(75, 104)(77, 96)(81, 82)(85, 86)(88, 118)(89, 
        94)(91, 93)(98, 114)(103, 120)(109, 116)(113, 119)
]
{1, 2} [ 62, 62, 62 ]
{1, 3} [ 62, 62, 62 ]
{2, 3} [ 62, 62, 62 ]
[
    (1, 8)(2, 51)(3, 83)(4, 31)(5, 11)(6, 116)(7, 78)(9, 49)(10, 106)(12, 
        121)(13, 77)(14, 40)(15, 80)(16, 25)(17, 27)(18, 90)(19, 117)(20, 
        57)(21, 42)(22, 34)(23, 101)(24, 105)(26, 75)(28, 68)(29, 124)(30, 
        44)(32, 88)(33, 47)(35, 56)(36, 39)(37, 63)(38, 41)(43, 55)(45, 115)(46,
        73)(48, 79)(50, 60)(52, 61)(53, 98)(54, 102)(58, 86)(59, 113)(62, 
        123)(64, 126)(65, 82)(66, 72)(67, 97)(69, 76)(70, 125)(71, 87)(74, 
        120)(81, 110)(84, 118)(85, 119)(89, 108)(91, 96)(92, 94)(93, 122)(95, 
        114)(99, 100)(103, 104)(107, 112)(109, 111),
    (1, 82)(2, 114)(3, 88)(4, 13)(5, 91)(6, 23)(7, 79)(8, 12)(9, 64)(10, 
        117)(11, 126)(14, 96)(15, 98)(16, 116)(17, 107)(18, 124)(19, 53)(20, 
        100)(21, 71)(22, 59)(24, 87)(25, 42)(26, 115)(27, 103)(28, 74)(29, 
        121)(30, 50)(31, 67)(32, 58)(33, 76)(34, 78)(35, 44)(36, 40)(37, 48)(38,
        57)(39, 110)(41, 95)(43, 83)(45, 86)(46, 60)(47, 92)(49, 119)(51, 
        93)(52, 77)(54, 112)(55, 125)(56, 63)(61, 90)(62, 120)(65, 104)(66, 
        68)(69, 102)(70, 109)(72, 105)(73, 94)(75, 85)(80, 101)(81, 123)(84, 
        113)(89, 99)(97, 122)(106, 108)(111, 118),
    (1, 114)(2, 38)(3, 100)(4, 48)(5, 24)(6, 76)(7, 66)(8, 52)(9, 33)(10, 
        74)(11, 12)(13, 41)(14, 63)(15, 43)(16, 71)(17, 75)(18, 54)(19, 94)(20, 
        25)(21, 78)(22, 96)(23, 47)(26, 64)(27, 123)(28, 91)(29, 59)(30, 
        118)(31, 36)(32, 51)(34, 86)(35, 104)(37, 88)(39, 107)(40, 111)(42, 
        119)(44, 45)(46, 108)(49, 116)(50, 106)(53, 82)(55, 68)(56, 97)(57, 
        117)(58, 101)(60, 102)(61, 72)(62, 70)(65, 125)(67, 73)(69, 103)(77, 
        87)(79, 113)(80, 122)(81, 124)(83, 90)(84, 93)(85, 126)(89, 98)(92, 
        99)(95, 105)(109, 115)(110, 121)(112, 120)
]
{1, 2} [ 63, 63, 63 ]
{1, 3} [ 63, 63, 63 ]
{2, 3} [ 63, 63, 63 ]
[
    (1, 101)(2, 45)(3, 42)(4, 67)(5, 92)(6, 89)(7, 33)(8, 125)(9, 126)(10, 
        90)(11, 71)(12, 114)(13, 104)(14, 73)(15, 64)(16, 74)(17, 27)(18, 
        65)(19, 91)(20, 122)(21, 55)(22, 26)(23, 38)(24, 80)(25, 37)(28, 78)(29,
        57)(30, 121)(31, 82)(32, 40)(34, 95)(35, 49)(36, 76)(39, 100)(41, 
        62)(43, 115)(44, 124)(46, 59)(47, 83)(48, 53)(50, 68)(51, 87)(52, 
        103)(54, 110)(56, 106)(58, 98)(60, 118)(61, 120)(63, 123)(66, 84)(69, 
        116)(70, 119)(72, 93)(75, 88)(77, 105)(79, 113)(81, 86)(85, 99)(94, 
        102)(96, 111)(97, 109)(107, 117)(108, 112),
    (1, 28)(2, 102)(3, 112)(4, 126)(5, 19)(6, 104)(7, 40)(8, 41)(9, 11)(10, 
        115)(12, 107)(13, 103)(14, 124)(15, 84)(16, 27)(17, 100)(18, 82)(20, 
        47)(21, 32)(22, 114)(23, 55)(24, 87)(25, 119)(26, 60)(29, 43)(30, 
        92)(31, 74)(33, 90)(34, 50)(35, 71)(36, 67)(37, 39)(38, 59)(42, 70)(44, 
        48)(45, 62)(46, 72)(49, 96)(51, 110)(52, 81)(53, 61)(54, 77)(56, 76)(57,
        106)(58, 108)(63, 105)(64, 123)(65, 75)(66, 116)(68, 117)(69, 111)(73, 
        91)(78, 125)(79, 88)(80, 85)(83, 101)(86, 95)(89, 94)(93, 122)(97, 
        120)(98, 118)(99, 109)(113, 121),
    (1, 74)(2, 125)(3, 39)(4, 36)(5, 73)(6, 66)(7, 27)(8, 94)(9, 15)(10, 83)(11,
        79)(12, 50)(13, 56)(14, 126)(16, 109)(17, 59)(18, 78)(19, 95)(20, 
        119)(21, 121)(22, 97)(23, 44)(24, 33)(25, 67)(26, 55)(28, 71)(29, 
        58)(30, 41)(31, 90)(32, 106)(34, 72)(35, 122)(37, 114)(38, 93)(40, 
        61)(42, 105)(43, 54)(45, 81)(46, 117)(47, 96)(48, 80)(49, 88)(51, 
        60)(52, 104)(53, 120)(57, 77)(62, 113)(63, 89)(64, 91)(65, 115)(68, 
        101)(69, 75)(70, 84)(76, 116)(82, 85)(86, 108)(87, 103)(92, 99)(98, 
        110)(100, 112)(102, 124)(107, 123)(111, 118)
]
{1, 2} [ 63, 63, 63 ]
{1, 3} [ 63, 63, 63 ]
{2, 3} [ 63, 63, 63 ]
[
    (1, 70)(2, 125)(3, 48)(4, 40)(5, 90)(6, 97)(7, 12)(8, 38)(9, 124)(10, 
        30)(11, 88)(13, 116)(14, 43)(15, 113)(16, 74)(17, 83)(18, 120)(19, 
        45)(20, 34)(21, 105)(22, 44)(23, 68)(24, 95)(25, 111)(26, 52)(27, 
        49)(28, 57)(29, 93)(31, 67)(32, 85)(33, 63)(35, 96)(36, 101)(37, 51)(39,
        112)(41, 61)(42, 104)(46, 86)(47, 102)(50, 92)(53, 77)(54, 114)(55, 
        123)(56, 84)(58, 81)(59, 64)(60, 109)(62, 73)(65, 100)(66, 107)(69, 
        72)(71, 79)(75, 82)(76, 78)(80, 99)(87, 108)(89, 110)(91, 103)(94, 
        106)(98, 117)(115, 122)(118, 126)(119, 121),
    (1, 61)(2, 118)(3, 5)(4, 115)(6, 91)(7, 121)(8, 106)(9, 73)(10, 66)(11, 
        98)(12, 75)(13, 52)(14, 84)(15, 77)(16, 44)(17, 29)(18, 59)(19, 21)(20, 
        35)(22, 32)(23, 89)(24, 49)(25, 113)(26, 43)(27, 109)(28, 103)(30, 
        56)(31, 36)(33, 90)(34, 112)(37, 125)(38, 116)(39, 72)(40, 64)(41, 
        123)(42, 51)(45, 95)(46, 53)(47, 122)(48, 67)(50, 68)(54, 62)(55, 
        105)(57, 80)(58, 69)(60, 117)(63, 85)(65, 87)(70, 93)(71, 74)(76, 
        79)(78, 111)(81, 92)(82, 100)(83, 102)(86, 110)(88, 96)(94, 120)(97, 
        104)(99, 108)(101, 126)(107, 124)(114, 119),
    (1, 51)(2, 87)(3, 64)(4, 31)(5, 83)(6, 30)(7, 24)(8, 72)(9, 60)(10, 53)(11, 
        45)(12, 65)(13, 98)(14, 59)(15, 18)(16, 63)(17, 95)(19, 73)(20, 62)(21, 
        125)(22, 33)(23, 112)(25, 115)(26, 123)(27, 81)(28, 92)(29, 43)(32, 
        44)(34, 108)(35, 88)(36, 97)(37, 84)(38, 80)(39, 119)(40, 91)(41, 
        86)(42, 48)(46, 105)(47, 90)(49, 99)(50, 113)(52, 58)(54, 121)(55, 
        89)(56, 68)(57, 71)(61, 107)(66, 118)(67, 78)(69, 96)(70, 94)(74, 
        103)(75, 111)(76, 93)(77, 114)(79, 101)(82, 85)(100, 104)(102, 109)(106,
        116)(110, 120)(117, 124)(122, 126)
]
{1, 2} [ 63, 63, 63 ]
{1, 3} [ 63, 63, 63 ]
{2, 3} [ 63, 63, 63 ]
[
    (1, 45)(2, 28)(3, 122)(4, 17)(5, 57)(6, 103)(7, 65)(8, 71)(9, 77)(10, 
        39)(11, 85)(12, 125)(13, 20)(14, 114)(15, 97)(16, 58)(18, 121)(19, 
        115)(21, 124)(22, 26)(23, 74)(24, 41)(25, 75)(27, 123)(29, 44)(30, 
        62)(31, 87)(32, 37)(33, 94)(34, 89)(35, 60)(36, 95)(38, 86)(40, 76)(42, 
        73)(43, 63)(46, 83)(47, 106)(48, 109)(49, 52)(50, 91)(51, 92)(53, 
        108)(54, 81)(55, 111)(56, 104)(59, 96)(61, 88)(64, 72)(66, 102)(67, 
        117)(68, 119)(69, 100)(70, 78)(79, 99)(80, 112)(82, 107)(84, 126)(90, 
        93)(98, 113)(101, 118)(105, 110)(116, 120),
    (1, 38)(2, 22)(3, 29)(4, 108)(5, 64)(6, 39)(7, 97)(8, 95)(9, 61)(10, 34)(11,
        103)(12, 15)(13, 18)(14, 91)(16, 20)(17, 30)(19, 49)(21, 32)(23, 
        114)(24, 105)(25, 84)(26, 90)(27, 122)(28, 80)(31, 92)(33, 45)(35, 
        53)(36, 54)(37, 106)(40, 70)(41, 89)(42, 98)(43, 116)(44, 56)(46, 
        99)(47, 117)(48, 126)(50, 83)(51, 88)(52, 109)(55, 79)(57, 68)(58, 
        123)(59, 72)(60, 86)(62, 93)(63, 125)(65, 110)(66, 101)(67, 87)(69, 
        73)(71, 76)(74, 77)(75, 124)(78, 112)(81, 120)(82, 118)(85, 107)(94, 
        119)(96, 121)(100, 102)(104, 111)(113, 115),
    (1, 73)(2, 104)(3, 37)(4, 8)(5, 20)(6, 62)(7, 19)(9, 125)(10, 60)(11, 
        39)(12, 103)(13, 64)(14, 22)(15, 115)(16, 77)(17, 31)(18, 58)(21, 
        82)(23, 44)(24, 111)(25, 97)(26, 106)(27, 110)(28, 41)(29, 65)(30, 
        35)(32, 50)(33, 69)(34, 85)(36, 92)(38, 88)(40, 80)(42, 100)(43, 
        102)(45, 105)(46, 123)(47, 126)(48, 66)(49, 112)(51, 98)(52, 101)(53, 
        119)(54, 75)(55, 122)(56, 124)(57, 70)(59, 87)(61, 95)(63, 68)(67, 
        81)(71, 114)(72, 118)(74, 113)(76, 84)(78, 93)(79, 91)(83, 109)(86, 
        121)(89, 99)(90, 94)(96, 120)(107, 116)(108, 117)
]
{1, 2} [ 63, 63, 63 ]
{1, 3} [ 63, 63, 63 ]
{2, 3} [ 63, 63, 63 ]
[
    (1, 51)(2, 79)(3, 54)(4, 16)(5, 124)(6, 18)(7, 100)(8, 30)(9, 119)(10, 
        84)(11, 74)(12, 64)(13, 29)(14, 118)(15, 48)(17, 24)(19, 94)(20, 69)(21,
        97)(22, 108)(23, 78)(25, 52)(26, 85)(27, 53)(28, 67)(31, 34)(32, 46)(33,
        106)(35, 71)(36, 68)(37, 105)(38, 98)(39, 59)(40, 126)(41, 47)(42, 
        115)(43, 111)(44, 82)(45, 88)(49, 91)(50, 110)(55, 76)(56, 65)(57, 
        99)(58, 87)(60, 103)(61, 90)(62, 73)(63, 122)(66, 104)(70, 125)(72, 
        93)(75, 86)(77, 113)(80, 112)(81, 120)(83, 92)(89, 109)(95, 121)(96, 
        123)(101, 107)(102, 116)(114, 117),
    (1, 64)(2, 73)(3, 49)(4, 43)(5, 121)(6, 78)(7, 123)(8, 104)(9, 12)(10, 
        30)(11, 69)(13, 51)(14, 28)(15, 91)(16, 21)(17, 65)(18, 84)(19, 76)(20, 
        90)(22, 74)(23, 40)(24, 120)(25, 48)(26, 101)(27, 102)(29, 41)(31, 
        58)(32, 81)(33, 67)(34, 35)(36, 83)(37, 113)(38, 108)(39, 72)(42, 
        57)(44, 110)(45, 92)(46, 75)(47, 96)(50, 122)(52, 109)(53, 82)(54, 
        106)(55, 126)(56, 89)(59, 117)(60, 62)(61, 95)(63, 111)(66, 68)(70, 
        97)(71, 86)(77, 115)(79, 125)(80, 103)(85, 124)(87, 99)(88, 105)(93, 
        94)(98, 118)(100, 114)(107, 112)(116, 119),
    (1, 84)(2, 46)(3, 70)(4, 65)(5, 109)(6, 102)(7, 19)(8, 124)(9, 116)(10, 
        42)(11, 20)(12, 24)(13, 98)(14, 123)(15, 43)(16, 114)(17, 34)(18, 
        59)(21, 115)(22, 41)(23, 33)(25, 55)(26, 48)(27, 92)(28, 87)(29, 
        111)(30, 73)(31, 45)(32, 90)(35, 89)(36, 85)(37, 83)(38, 100)(39, 
        50)(40, 66)(44, 95)(47, 86)(49, 104)(51, 54)(52, 77)(53, 108)(56, 
        93)(57, 119)(58, 96)(60, 81)(61, 99)(62, 113)(63, 79)(64, 101)(67, 
        125)(68, 122)(69, 82)(71, 110)(72, 121)(74, 120)(75, 88)(76, 97)(78, 
        94)(80, 105)(91, 117)(103, 106)(107, 118)(112, 126)
]
{1, 2} [ 63, 63, 63 ]
{1, 3} [ 63, 63, 63 ]
{2, 3} [ 63, 63, 63 ]
[
    (1, 16)(2, 68)(3, 29)(4, 102)(5, 108)(6, 48)(7, 22)(8, 72)(9, 96)(10, 
        26)(11, 57)(12, 92)(13, 123)(14, 53)(15, 77)(17, 101)(18, 41)(19, 
        47)(20, 120)(21, 81)(23, 75)(24, 67)(25, 110)(27, 121)(28, 122)(30, 
        84)(31, 79)(32, 90)(33, 42)(34, 61)(35, 112)(36, 106)(37, 114)(38, 
        103)(39, 124)(40, 45)(43, 113)(44, 50)(46, 111)(49, 100)(51, 76)(52, 
        56)(54, 78)(55, 66)(58, 80)(59, 117)(60, 63)(62, 64)(65, 119)(69, 
        91)(70, 118)(71, 95)(73, 98)(74, 126)(82, 125)(83, 94)(85, 87)(86, 
        89)(88, 115)(93, 97)(99, 105)(104, 109)(107, 116),
    (1, 46)(2, 104)(3, 11)(4, 124)(5, 60)(6, 85)(7, 91)(8, 101)(9, 77)(10, 
        33)(12, 67)(13, 114)(14, 19)(15, 55)(16, 92)(17, 57)(18, 21)(20, 
        102)(22, 29)(23, 95)(24, 38)(25, 90)(26, 71)(27, 89)(28, 116)(30, 
        126)(31, 122)(32, 80)(34, 48)(35, 78)(36, 99)(37, 120)(39, 62)(40, 
        118)(41, 76)(42, 72)(43, 50)(44, 82)(45, 109)(47, 108)(49, 103)(51, 
        54)(52, 96)(53, 58)(56, 106)(59, 84)(61, 69)(63, 121)(64, 97)(65, 
        107)(66, 113)(68, 74)(70, 94)(73, 105)(75, 112)(79, 110)(81, 100)(83, 
        111)(86, 123)(87, 115)(88, 119)(93, 125)(98, 117),
    (1, 23)(2, 32)(3, 80)(4, 27)(5, 49)(6, 98)(7, 34)(8, 30)(9, 83)(10, 110)(11,
        53)(12, 69)(13, 72)(14, 124)(15, 93)(16, 64)(17, 33)(18, 85)(19, 88)(20,
        104)(21, 47)(22, 74)(24, 123)(25, 59)(26, 108)(28, 77)(29, 125)(31, 
        111)(35, 116)(36, 57)(37, 112)(38, 63)(39, 89)(40, 42)(41, 122)(43, 
        90)(44, 109)(45, 120)(46, 126)(48, 113)(50, 91)(51, 84)(52, 71)(54, 
        62)(55, 70)(56, 61)(58, 97)(60, 99)(65, 79)(66, 107)(67, 114)(68, 
        118)(73, 106)(75, 81)(76, 82)(78, 92)(86, 105)(87, 102)(94, 119)(95, 
        103)(96, 101)(100, 121)(115, 117)
]
{1, 2} [ 63, 63, 63 ]
{1, 3} [ 63, 63, 63 ]
{2, 3} [ 63, 63, 63 ]
[
    (1, 18)(2, 12)(3, 71)(4, 116)(5, 88)(6, 50)(7, 74)(8, 69)(9, 113)(10, 
        106)(11, 23)(13, 120)(14, 46)(15, 24)(16, 28)(17, 102)(19, 47)(20, 
        118)(21, 38)(22, 63)(25, 119)(26, 45)(27, 37)(29, 59)(30, 52)(31, 
        96)(32, 91)(33, 115)(34, 77)(35, 49)(36, 94)(39, 93)(40, 89)(41, 87)(42,
        104)(43, 54)(44, 70)(48, 99)(51, 90)(53, 108)(55, 58)(56, 81)(57, 
        112)(60, 97)(61, 123)(62, 100)(64, 85)(65, 103)(66, 117)(67, 83)(68, 
        105)(72, 126)(73, 86)(75, 114)(76, 125)(78, 124)(79, 92)(80, 101)(82, 
        98)(84, 109)(95, 121)(107, 110)(111, 122),
    (1, 10)(2, 51)(3, 44)(4, 107)(5, 28)(6, 91)(7, 84)(8, 125)(9, 67)(11, 
        117)(12, 87)(13, 118)(14, 95)(15, 54)(16, 42)(17, 122)(18, 124)(19, 
        59)(20, 26)(21, 34)(22, 66)(23, 60)(24, 56)(25, 98)(27, 97)(29, 64)(30, 
        82)(31, 88)(32, 63)(33, 83)(35, 100)(36, 65)(37, 110)(38, 108)(39, 
        86)(40, 121)(41, 77)(43, 89)(45, 55)(46, 92)(47, 104)(48, 123)(49, 
        96)(50, 57)(52, 102)(53, 105)(58, 94)(61, 73)(62, 74)(68, 126)(69, 
        113)(70, 99)(71, 106)(72, 103)(75, 112)(76, 116)(78, 85)(79, 111)(80, 
        90)(81, 120)(93, 119)(101, 114)(109, 115),
    (1, 114)(2, 42)(3, 64)(4, 28)(5, 98)(6, 33)(7, 78)(8, 70)(9, 126)(10, 
        18)(11, 93)(12, 19)(13, 86)(14, 99)(15, 32)(16, 101)(17, 110)(20, 
        54)(21, 69)(22, 104)(23, 58)(24, 40)(25, 43)(26, 121)(27, 66)(29, 
        102)(30, 50)(31, 35)(34, 55)(36, 119)(37, 108)(38, 48)(39, 53)(41, 
        56)(44, 63)(45, 107)(46, 94)(47, 124)(49, 88)(51, 112)(52, 71)(57, 
        92)(59, 74)(60, 81)(61, 95)(62, 76)(65, 85)(67, 77)(68, 117)(72, 90)(73,
        113)(75, 91)(79, 122)(80, 84)(82, 109)(83, 100)(87, 111)(89, 120)(96, 
        103)(97, 105)(106, 115)(116, 118)(123, 125)
]
{1, 2} [ 63, 63, 63 ]
{1, 3} [ 63, 63, 63 ]
{2, 3} [ 63, 63, 63 ]
17
[
    [ 7, 1 ],
    [ 9, 1 ],
    [ 31, 3 ],
    [ 62, 5 ],
    [ 63, 7 ]
]
230.620
