[
    (1, 3)(2, 11)(4, 14)(5, 63)(6, 36)(7, 21)(8, 42)(9, 17)(10, 37)(12, 49)(13, 
        50)(15, 39)(16, 28)(18, 35)(19, 62)(20, 54)(22, 38)(23, 47)(24, 40)(25, 
        52)(26, 56)(27, 44)(29, 30)(32, 33)(34, 46)(41, 55)(43, 65)(45, 53)(48, 
        58)(51, 60)(57, 64)(59, 61),
    (1, 46)(2, 11)(3, 48)(4, 32)(5, 65)(6, 60)(7, 14)(8, 61)(9, 36)(10, 33)(12, 
        29)(13, 40)(15, 50)(16, 39)(17, 45)(18, 58)(19, 63)(20, 37)(21, 27)(22, 
        28)(23, 52)(24, 55)(25, 59)(26, 62)(30, 51)(31, 56)(34, 64)(35, 42)(38, 
        47)(41, 53)(43, 54)(44, 49),
    (1, 39)(2, 5)(3, 40)(4, 48)(6, 9)(7, 28)(8, 36)(10, 37)(11, 22)(12, 58)(13, 
        56)(14, 50)(15, 41)(16, 47)(17, 25)(18, 64)(19, 43)(20, 63)(21, 46)(23, 
        27)(24, 31)(26, 62)(29, 60)(30, 55)(32, 34)(33, 57)(35, 61)(42, 44)(45, 
        52)(49, 53)(51, 59)(54, 65)
]
{1, 2} [ 63, 63, 63 ]
{1, 3} [ 63, 63, 63 ]
{2, 3} [ 63, 63, 63 ]
[
    (1, 24)(2, 30)(3, 43)(4, 48)(5, 22)(6, 12)(7, 13)(8, 37)(9, 40)(10, 44)(11, 
        47)(14, 62)(15, 36)(16, 41)(17, 54)(18, 60)(19, 49)(20, 27)(21, 59)(23, 
        32)(25, 63)(26, 38)(28, 39)(29, 34)(31, 51)(33, 53)(35, 65)(45, 56)(46, 
        58)(50, 55)(52, 61)(57, 64),
    (1, 64)(2, 17)(3, 13)(4, 18)(5, 41)(6, 34)(7, 21)(8, 23)(9, 48)(10, 31)(11, 
        53)(12, 22)(14, 37)(15, 59)(16, 42)(19, 56)(20, 49)(24, 26)(25, 30)(27, 
        39)(28, 55)(29, 33)(32, 50)(35, 62)(36, 44)(38, 47)(40, 58)(43, 52)(46, 
        54)(51, 63)(57, 61)(60, 65),
    (1, 47)(2, 14)(3, 41)(4, 28)(5, 49)(6, 21)(7, 23)(8, 43)(9, 53)(10, 64)(11, 
        57)(12, 26)(13, 18)(15, 50)(16, 36)(17, 55)(19, 58)(20, 33)(22, 42)(24, 
        31)(25, 38)(27, 34)(30, 54)(32, 46)(35, 51)(37, 52)(39, 65)(40, 45)(44, 
        56)(48, 59)(60, 62)(61, 63)
]
{1, 2} [ 65, 65, 65 ]
{1, 3} [ 65, 65, 65 ]
{2, 3} [ 65, 65, 65 ]
2
[
    [ 63, 1 ],
    [ 65, 1 ]
]
46.790
