[
    (1, 256)(2, 242)(3, 30)(4, 116)(5, 82)(6, 31)(7, 137)(8, 181)(9, 127)(10, 107)(11, 48)(12, 200)(13, 79)(14, 238)(15,
        54)(16, 221)(17, 203)(18, 65)(19, 186)(20, 96)(21, 59)(22, 236)(23, 129)(24, 235)(25, 63)(26, 109)(27, 240)(28, 
        143)(29, 239)(32, 77)(33, 229)(34, 241)(35, 264)(37, 215)(38, 145)(39, 152)(40, 100)(41, 163)(42, 167)(43, 
        94)(44, 254)(45, 251)(46, 185)(47, 173)(49, 131)(50, 91)(51, 108)(52, 228)(53, 246)(55, 95)(56, 97)(57, 258)(58,
        207)(60, 233)(61, 78)(62, 224)(64, 114)(66, 151)(67, 133)(68, 175)(69, 197)(70, 98)(71, 144)(72, 195)(73, 
        142)(74, 189)(75, 237)(76, 255)(80, 211)(81, 193)(83, 118)(84, 106)(85, 135)(86, 226)(87, 220)(88, 169)(89, 
        261)(90, 149)(92, 223)(93, 212)(99, 182)(101, 259)(102, 257)(103, 134)(105, 263)(110, 214)(111, 160)(112, 
        219)(113, 120)(115, 156)(117, 147)(119, 218)(121, 168)(122, 222)(123, 245)(124, 140)(125, 191)(128, 201)(130, 
        190)(136, 252)(138, 150)(139, 206)(141, 209)(146, 157)(148, 216)(153, 204)(154, 230)(155, 225)(159, 250)(161, 
        205)(162, 227)(164, 210)(165, 172)(166, 187)(170, 179)(174, 247)(176, 178)(177, 249)(180, 231)(183, 262)(184, 
        196)(188, 208)(192, 266)(194, 199)(198, 248)(202, 244)(213, 265)(234, 243),
    (1, 192)(2, 172)(3, 223)(4, 29)(5, 68)(6, 214)(7, 216)(8, 20)(9, 257)(10, 30)(12, 74)(13, 37)(14, 244)(15, 203)(16, 
        247)(17, 182)(18, 85)(19, 220)(21, 249)(22, 81)(23, 40)(24, 139)(25, 168)(26, 49)(27, 99)(28, 194)(31, 53)(32, 
        183)(33, 219)(34, 248)(35, 110)(36, 232)(38, 262)(39, 231)(41, 93)(42, 50)(43, 64)(44, 175)(45, 82)(46, 52)(47, 
        213)(48, 90)(51, 191)(54, 67)(55, 79)(57, 188)(58, 129)(59, 78)(60, 181)(61, 136)(62, 190)(63, 142)(65, 163)(66,
        230)(69, 132)(70, 200)(71, 149)(72, 234)(73, 201)(75, 148)(76, 187)(77, 92)(80, 94)(83, 113)(84, 240)(86, 
        138)(87, 126)(88, 256)(89, 221)(91, 119)(96, 196)(97, 255)(98, 243)(100, 157)(101, 195)(102, 218)(103, 210)(104,
        217)(105, 266)(106, 133)(107, 145)(108, 237)(109, 151)(111, 173)(112, 154)(114, 222)(115, 207)(116, 169)(117, 
        155)(118, 251)(120, 254)(121, 227)(122, 165)(123, 127)(124, 130)(125, 178)(128, 209)(131, 229)(134, 260)(135, 
        236)(137, 176)(140, 224)(141, 162)(143, 235)(146, 204)(147, 205)(150, 199)(153, 156)(159, 238)(160, 250)(161, 
        174)(164, 253)(167, 245)(170, 180)(171, 186)(177, 198)(184, 228)(185, 233)(189, 259)(193, 212)(202, 265)(206, 
        226)(208, 246)(211, 242)(225, 261)(239, 263)(241, 252)(258, 264),
    (1, 109)(2, 21)(3, 159)(4, 22)(6, 125)(7, 249)(8, 190)(9, 104)(10, 114)(11, 215)(12, 32)(13, 76)(14, 220)(15, 
        106)(16, 237)(17, 56)(18, 170)(19, 239)(23, 248)(24, 66)(25, 171)(26, 247)(27, 113)(28, 252)(29, 94)(30, 46)(31,
        261)(33, 221)(34, 145)(35, 128)(36, 214)(37, 204)(38, 90)(39, 73)(40, 85)(41, 232)(42, 62)(43, 75)(44, 79)(45, 
        57)(47, 191)(48, 256)(49, 243)(51, 183)(52, 154)(53, 129)(54, 151)(55, 210)(58, 176)(60, 180)(61, 198)(63, 
        127)(64, 95)(65, 259)(67, 230)(68, 155)(69, 98)(70, 172)(71, 195)(72, 236)(74, 208)(77, 194)(78, 117)(80, 
        120)(81, 228)(83, 177)(84, 265)(86, 240)(87, 137)(88, 260)(89, 262)(91, 242)(92, 238)(93, 224)(97, 184)(99, 
        201)(100, 101)(102, 246)(103, 193)(105, 140)(107, 181)(108, 173)(110, 150)(111, 132)(112, 133)(115, 126)(116, 
        142)(118, 223)(119, 235)(121, 139)(122, 189)(123, 169)(124, 226)(130, 164)(131, 146)(134, 219)(135, 216)(136, 
        231)(138, 217)(141, 258)(143, 244)(144, 152)(147, 257)(148, 179)(149, 209)(153, 174)(156, 163)(157, 199)(158, 
        245)(161, 233)(162, 175)(165, 185)(167, 182)(168, 187)(178, 266)(186, 229)(188, 196)(192, 227)(197, 250)(200, 
        234)(202, 205)(203, 222)(207, 225)(211, 263)(212, 264)(213, 218)(241, 251)(254, 255)
]
{1, 2} [ 6, 6, 6 ]
{1, 3} [ 6, 6, 6 ]
{2, 3} [ 6, 6, 6 ]
[
    (1, 90)(2, 98)(4, 33)(5, 108)(7, 73)(8, 106)(9, 72)(11, 148)(12, 224)(13, 83)(14, 196)(15, 43)(16, 187)(17, 114)(18,
        234)(19, 264)(20, 130)(21, 214)(22, 240)(23, 201)(24, 149)(25, 170)(26, 203)(27, 30)(28, 102)(29, 147)(31, 
        237)(32, 190)(34, 88)(35, 248)(36, 59)(37, 226)(38, 61)(39, 125)(40, 127)(41, 142)(42, 265)(44, 85)(45, 55)(47, 
        91)(48, 177)(49, 188)(50, 137)(51, 215)(52, 231)(53, 233)(54, 164)(56, 111)(57, 171)(58, 77)(60, 167)(62, 
        175)(63, 156)(65, 180)(66, 87)(67, 69)(68, 176)(70, 239)(71, 218)(74, 112)(75, 151)(76, 107)(78, 134)(79, 
        213)(80, 121)(81, 252)(82, 204)(84, 223)(89, 249)(92, 150)(93, 247)(94, 110)(95, 99)(96, 210)(97, 244)(100, 
        179)(101, 161)(103, 160)(104, 155)(105, 262)(109, 186)(113, 139)(115, 158)(116, 219)(117, 178)(118, 135)(119, 
        255)(120, 246)(122, 173)(123, 193)(124, 126)(128, 266)(129, 206)(131, 159)(132, 162)(133, 209)(136, 172)(138, 
        152)(140, 230)(141, 163)(143, 258)(144, 245)(145, 192)(146, 212)(153, 183)(154, 189)(157, 225)(165, 227)(166, 
        232)(169, 228)(174, 199)(181, 200)(182, 238)(184, 242)(185, 205)(191, 251)(194, 220)(195, 235)(197, 253)(198, 
        257)(202, 254)(208, 211)(216, 250)(217, 261)(221, 263)(229, 236)(241, 260)(243, 259),
    (1, 113)(2, 154)(3, 252)(4, 74)(5, 48)(6, 234)(7, 175)(8, 88)(9, 151)(10, 173)(11, 259)(12, 60)(13, 248)(14, 
        225)(15, 194)(16, 226)(17, 115)(19, 86)(20, 200)(21, 96)(22, 141)(23, 162)(24, 46)(25, 26)(27, 261)(28, 106)(29,
        122)(30, 150)(31, 56)(32, 127)(33, 251)(34, 59)(35, 221)(36, 181)(37, 118)(38, 233)(39, 44)(40, 260)(41, 
        135)(42, 214)(43, 128)(45, 131)(49, 62)(50, 227)(51, 90)(52, 64)(53, 97)(54, 258)(55, 78)(57, 219)(58, 204)(61, 
        223)(63, 93)(65, 145)(66, 242)(67, 250)(68, 72)(69, 206)(70, 232)(71, 87)(73, 185)(75, 262)(76, 99)(77, 142)(79,
        180)(80, 153)(81, 246)(82, 187)(83, 114)(84, 155)(85, 183)(89, 146)(92, 257)(94, 238)(95, 110)(98, 143)(100, 
        205)(101, 172)(102, 130)(103, 263)(104, 123)(105, 157)(107, 201)(108, 121)(109, 191)(111, 249)(112, 148)(116, 
        133)(117, 136)(119, 139)(120, 222)(124, 229)(125, 177)(126, 144)(129, 209)(132, 182)(134, 266)(137, 189)(138, 
        237)(140, 247)(147, 168)(149, 211)(152, 253)(156, 236)(158, 160)(159, 220)(161, 241)(163, 215)(164, 165)(166, 
        170)(167, 217)(169, 179)(171, 216)(174, 202)(176, 196)(178, 190)(186, 243)(188, 228)(192, 213)(193, 244)(197, 
        212)(198, 224)(199, 239)(203, 254)(207, 208)(230, 245)(231, 264)(240, 255),
    (1, 124)(2, 74)(3, 64)(4, 145)(5, 158)(6, 222)(7, 93)(8, 125)(9, 97)(10, 214)(11, 168)(12, 198)(13, 32)(14, 241)(15,
        21)(16, 99)(17, 22)(18, 199)(19, 112)(20, 231)(23, 212)(24, 140)(25, 71)(27, 157)(28, 216)(29, 182)(30, 63)(31, 
        161)(34, 174)(35, 230)(36, 164)(37, 154)(38, 94)(39, 177)(40, 258)(41, 118)(42, 115)(43, 256)(44, 183)(45, 
        148)(46, 55)(47, 261)(48, 172)(49, 81)(50, 149)(51, 204)(52, 234)(53, 126)(54, 254)(56, 248)(57, 239)(58, 
        142)(59, 255)(60, 263)(62, 117)(65, 237)(66, 262)(67, 111)(68, 224)(69, 137)(70, 103)(72, 176)(73, 79)(75, 
        173)(76, 215)(77, 147)(78, 253)(80, 143)(82, 179)(83, 180)(84, 91)(85, 181)(87, 217)(88, 165)(89, 151)(90, 
        213)(92, 104)(95, 249)(96, 252)(98, 218)(100, 226)(101, 206)(102, 162)(105, 235)(106, 220)(107, 189)(108, 
        211)(109, 163)(110, 203)(113, 264)(114, 169)(116, 185)(119, 178)(120, 194)(121, 197)(122, 209)(123, 146)(127, 
        236)(128, 155)(129, 190)(130, 227)(132, 166)(133, 187)(134, 229)(135, 138)(136, 246)(139, 170)(141, 242)(144, 
        257)(150, 240)(152, 238)(153, 210)(156, 225)(159, 221)(160, 201)(171, 193)(175, 202)(188, 200)(191, 207)(192, 
        259)(195, 223)(196, 232)(205, 208)(219, 265)(228, 266)(233, 247)(244, 245)(250, 260)
]
{1, 2} [ 6, 6, 6 ]
{1, 3} [ 6, 6, 6 ]
{2, 3} [ 6, 6, 6 ]
[
    (1, 147)(2, 108)(3, 120)(4, 74)(5, 200)(6, 42)(7, 188)(8, 247)(9, 158)(10, 255)(11, 259)(12, 170)(13, 57)(14, 
        217)(15, 123)(16, 192)(17, 129)(18, 210)(19, 55)(20, 48)(21, 71)(22, 185)(23, 117)(24, 182)(25, 69)(26, 206)(27,
        203)(28, 153)(29, 163)(30, 75)(31, 143)(32, 94)(33, 37)(34, 39)(35, 176)(36, 236)(38, 155)(41, 180)(43, 52)(44, 
        59)(45, 97)(46, 132)(47, 256)(49, 119)(50, 125)(51, 169)(53, 131)(54, 183)(56, 98)(58, 65)(60, 166)(61, 266)(62,
        139)(63, 138)(64, 128)(66, 242)(67, 263)(68, 198)(70, 133)(72, 224)(73, 141)(76, 241)(77, 112)(78, 86)(79, 
        135)(80, 106)(82, 186)(83, 105)(84, 233)(85, 258)(87, 96)(88, 140)(89, 165)(90, 179)(91, 195)(92, 239)(93, 
        237)(95, 149)(99, 161)(101, 178)(102, 126)(103, 250)(104, 194)(107, 208)(109, 191)(110, 211)(111, 124)(113, 
        168)(114, 157)(115, 209)(116, 232)(118, 251)(121, 154)(122, 215)(127, 238)(130, 144)(134, 223)(136, 162)(137, 
        152)(142, 148)(145, 204)(146, 164)(150, 262)(151, 160)(156, 181)(159, 231)(167, 225)(171, 202)(172, 190)(173, 
        240)(174, 216)(175, 228)(177, 227)(184, 265)(187, 243)(189, 253)(196, 221)(197, 245)(199, 257)(201, 207)(212, 
        230)(213, 226)(214, 234)(219, 248)(220, 264)(222, 252)(229, 249)(254, 261),
    (1, 98)(2, 213)(3, 164)(4, 178)(5, 216)(6, 125)(7, 150)(8, 222)(9, 185)(10, 100)(11, 237)(12, 230)(13, 108)(14, 
        127)(15, 183)(17, 191)(18, 162)(19, 112)(20, 143)(21, 44)(22, 207)(23, 156)(24, 192)(25, 195)(26, 86)(28, 
        158)(29, 67)(30, 229)(31, 130)(32, 211)(35, 198)(36, 64)(37, 166)(38, 204)(39, 117)(40, 139)(41, 58)(42, 43)(45,
        87)(46, 260)(47, 105)(48, 79)(49, 88)(50, 57)(51, 94)(52, 234)(53, 68)(54, 238)(55, 250)(59, 188)(60, 89)(61, 
        167)(62, 177)(63, 134)(65, 168)(66, 76)(69, 169)(70, 220)(71, 223)(72, 171)(73, 172)(74, 90)(75, 128)(77, 
        78)(80, 231)(81, 165)(82, 123)(83, 144)(84, 242)(85, 136)(91, 141)(92, 232)(93, 240)(95, 247)(96, 252)(97, 
        116)(101, 221)(102, 199)(103, 106)(104, 196)(107, 245)(109, 205)(110, 190)(111, 182)(113, 202)(114, 137)(115, 
        256)(118, 142)(119, 145)(120, 194)(121, 219)(122, 138)(124, 218)(126, 224)(129, 203)(132, 154)(133, 201)(135, 
        209)(140, 259)(146, 179)(147, 253)(148, 217)(149, 239)(151, 263)(152, 254)(153, 228)(155, 173)(159, 206)(160, 
        187)(161, 227)(163, 208)(170, 258)(175, 264)(176, 193)(180, 257)(181, 246)(184, 243)(186, 251)(189, 244)(197, 
        265)(200, 255)(210, 266)(212, 225)(214, 226)(215, 262)(233, 249)(235, 261)(236, 241),
    (1, 73)(2, 141)(3, 86)(4, 243)(5, 140)(6, 64)(7, 90)(8, 253)(9, 235)(11, 21)(12, 66)(13, 237)(14, 175)(15, 43)(16, 
        28)(17, 79)(18, 113)(19, 109)(20, 74)(22, 167)(23, 180)(24, 40)(25, 242)(26, 160)(27, 244)(29, 154)(30, 97)(31, 
        83)(32, 239)(33, 259)(34, 218)(35, 78)(36, 76)(37, 202)(38, 146)(39, 85)(41, 100)(42, 111)(44, 125)(45, 191)(46,
        256)(47, 245)(48, 143)(49, 220)(50, 185)(51, 152)(52, 174)(54, 162)(55, 251)(56, 265)(57, 94)(58, 209)(59, 
        107)(60, 240)(61, 212)(62, 196)(63, 176)(65, 201)(67, 80)(68, 156)(69, 121)(70, 190)(71, 88)(72, 195)(75, 
        238)(77, 133)(81, 219)(82, 178)(84, 223)(87, 224)(89, 166)(91, 144)(92, 124)(93, 128)(95, 118)(96, 172)(98, 
        163)(99, 135)(101, 123)(102, 187)(103, 203)(104, 221)(105, 262)(106, 197)(108, 230)(110, 171)(112, 130)(114, 
        213)(115, 183)(116, 252)(117, 204)(119, 216)(120, 236)(122, 241)(126, 150)(127, 149)(131, 169)(132, 164)(134, 
        248)(136, 210)(137, 205)(138, 215)(139, 234)(142, 179)(147, 189)(148, 214)(151, 182)(153, 158)(155, 263)(157, 
        257)(159, 228)(161, 193)(168, 207)(170, 184)(173, 260)(177, 258)(181, 208)(186, 264)(188, 194)(198, 225)(199, 
        231)(200, 211)(217, 261)(226, 254)(229, 246)(232, 249)(247, 266)(250, 255)
]
{1, 2} [ 7, 7, 7 ]
{1, 3} [ 7, 7, 7 ]
{2, 3} [ 7, 7, 7 ]
[
    (1, 172)(2, 207)(4, 87)(5, 74)(6, 194)(7, 28)(8, 121)(9, 124)(10, 135)(11, 166)(12, 197)(13, 154)(14, 176)(15, 
        110)(16, 18)(17, 27)(19, 103)(20, 141)(21, 94)(22, 104)(23, 80)(24, 178)(25, 243)(26, 30)(29, 210)(31, 133)(32, 
        91)(33, 146)(34, 237)(35, 60)(36, 258)(37, 170)(38, 65)(39, 158)(40, 49)(41, 261)(42, 227)(43, 160)(44, 199)(45,
        228)(46, 57)(47, 211)(48, 187)(50, 252)(51, 215)(52, 206)(53, 259)(54, 106)(56, 230)(58, 150)(59, 179)(61, 
        114)(62, 245)(63, 233)(64, 155)(66, 92)(67, 265)(68, 102)(69, 71)(70, 100)(72, 188)(73, 195)(75, 79)(76, 
        219)(77, 212)(78, 218)(81, 181)(82, 257)(83, 185)(84, 173)(85, 217)(86, 116)(88, 186)(89, 122)(90, 161)(93, 
        96)(95, 151)(98, 132)(99, 152)(101, 251)(105, 253)(108, 147)(109, 193)(111, 200)(112, 247)(113, 143)(115, 
        266)(117, 144)(118, 244)(119, 175)(120, 213)(123, 209)(125, 225)(126, 202)(127, 254)(128, 192)(129, 234)(130, 
        224)(131, 236)(134, 165)(136, 216)(137, 140)(138, 246)(139, 239)(142, 263)(145, 157)(148, 190)(149, 255)(153, 
        183)(156, 226)(159, 189)(163, 262)(164, 242)(167, 223)(169, 222)(171, 260)(174, 221)(177, 231)(180, 203)(184, 
        201)(191, 250)(196, 235)(204, 256)(205, 229)(208, 232)(214, 264)(220, 238)(248, 249),
    (2, 62)(3, 55)(4, 158)(5, 227)(6, 241)(7, 89)(8, 78)(9, 103)(10, 83)(11, 198)(12, 60)(13, 140)(14, 228)(15, 185)(16,
        125)(17, 244)(18, 220)(19, 245)(20, 200)(21, 127)(22, 170)(23, 263)(24, 117)(25, 193)(26, 67)(27, 257)(28, 
        173)(29, 44)(30, 248)(32, 186)(33, 138)(34, 238)(35, 144)(36, 204)(37, 169)(38, 224)(39, 259)(40, 223)(41, 
        146)(43, 182)(45, 250)(46, 213)(48, 157)(49, 105)(50, 154)(51, 112)(52, 99)(53, 172)(54, 101)(56, 95)(57, 
        124)(59, 126)(61, 165)(63, 187)(64, 97)(65, 72)(66, 149)(68, 166)(69, 92)(70, 153)(71, 128)(73, 217)(74, 
        231)(75, 108)(76, 258)(77, 160)(79, 205)(80, 167)(81, 141)(82, 156)(84, 260)(85, 90)(86, 162)(87, 211)(88, 
        180)(91, 163)(93, 229)(94, 134)(96, 253)(98, 109)(100, 252)(104, 264)(106, 190)(107, 222)(110, 265)(111, 
        234)(113, 215)(114, 174)(115, 131)(116, 216)(118, 150)(119, 207)(120, 148)(122, 233)(123, 142)(129, 137)(130, 
        203)(132, 242)(133, 206)(135, 237)(136, 208)(139, 192)(143, 189)(145, 246)(147, 209)(151, 230)(152, 199)(155, 
        176)(159, 197)(161, 188)(164, 196)(168, 191)(171, 261)(175, 251)(177, 218)(178, 202)(179, 247)(181, 184)(183, 
        201)(194, 232)(195, 262)(214, 240)(219, 236)(221, 266)(225, 249)(235, 255)(239, 243)(254, 256),
    (1, 71)(2, 70)(3, 94)(4, 30)(5, 38)(6, 93)(7, 189)(8, 255)(9, 115)(10, 170)(11, 175)(12, 162)(13, 87)(14, 100)(15, 
        200)(16, 139)(17, 211)(18, 229)(19, 197)(20, 266)(21, 105)(22, 122)(23, 29)(24, 123)(26, 149)(27, 264)(28, 
        221)(31, 195)(32, 64)(33, 124)(34, 261)(35, 130)(36, 180)(37, 182)(39, 107)(40, 216)(41, 253)(42, 47)(43, 
        187)(44, 76)(45, 141)(46, 67)(48, 222)(49, 265)(50, 206)(51, 250)(52, 159)(53, 108)(54, 260)(55, 99)(56, 
        109)(57, 112)(58, 96)(59, 185)(60, 238)(61, 75)(62, 174)(63, 220)(65, 137)(66, 202)(68, 252)(69, 223)(72, 
        165)(73, 114)(74, 251)(77, 147)(78, 113)(79, 164)(80, 224)(81, 134)(82, 209)(83, 203)(84, 227)(86, 257)(89, 
        98)(90, 125)(91, 226)(92, 104)(95, 259)(97, 117)(102, 235)(106, 171)(110, 169)(111, 214)(116, 190)(118, 
        136)(119, 233)(120, 166)(121, 242)(126, 179)(127, 151)(128, 215)(129, 213)(131, 176)(132, 183)(133, 154)(135, 
        163)(138, 245)(140, 184)(142, 208)(143, 205)(144, 181)(145, 196)(148, 239)(150, 161)(152, 262)(153, 258)(155, 
        194)(156, 219)(157, 246)(158, 217)(160, 173)(168, 263)(172, 177)(178, 218)(186, 231)(188, 198)(191, 248)(192, 
        204)(193, 232)(199, 225)(207, 244)(210, 234)(212, 256)(230, 241)(236, 247)(237, 240)(249, 254)
]
{1, 2} [ 10, 10, 10 ]
{1, 3} [ 10, 10, 10 ]
{2, 3} [ 10, 10, 10 ]
[
    (1, 136)(2, 3)(4, 21)(5, 238)(6, 247)(7, 176)(8, 175)(9, 85)(10, 112)(11, 37)(12, 39)(13, 58)(14, 167)(15, 92)(17, 
        211)(18, 182)(19, 71)(20, 22)(23, 149)(24, 228)(25, 258)(26, 32)(27, 143)(28, 223)(29, 177)(30, 44)(31, 209)(33,
        165)(34, 88)(35, 195)(36, 232)(38, 226)(40, 156)(41, 202)(42, 120)(43, 265)(45, 242)(46, 163)(47, 113)(48, 
        220)(49, 65)(50, 212)(51, 237)(52, 118)(53, 179)(54, 86)(55, 144)(56, 214)(57, 155)(59, 263)(60, 122)(61, 
        239)(63, 174)(64, 262)(66, 159)(67, 131)(68, 235)(69, 140)(70, 261)(72, 170)(73, 89)(74, 187)(75, 134)(76, 
        121)(77, 218)(78, 252)(79, 146)(80, 184)(81, 154)(82, 257)(83, 138)(84, 196)(87, 95)(90, 153)(91, 199)(93, 
        206)(94, 151)(96, 244)(97, 234)(98, 162)(99, 230)(100, 126)(101, 161)(102, 173)(103, 137)(104, 125)(105, 
        266)(106, 222)(107, 245)(108, 210)(109, 123)(110, 189)(111, 185)(114, 254)(115, 171)(116, 169)(119, 219)(124, 
        190)(127, 139)(130, 197)(133, 193)(135, 194)(141, 225)(142, 259)(145, 240)(147, 231)(148, 217)(150, 181)(152, 
        264)(158, 224)(160, 236)(164, 178)(166, 188)(172, 250)(180, 221)(183, 251)(186, 215)(191, 216)(192, 241)(198, 
        256)(200, 246)(201, 255)(203, 233)(205, 227)(208, 243)(213, 229)(248, 249)(253, 260),
    (1, 246)(2, 17)(3, 199)(4, 22)(5, 128)(6, 12)(7, 135)(8, 96)(9, 93)(10, 67)(11, 21)(13, 134)(14, 111)(15, 218)(16, 
        217)(19, 214)(20, 64)(23, 57)(24, 205)(25, 105)(26, 242)(27, 106)(28, 149)(29, 126)(30, 136)(31, 81)(32, 46)(33,
        41)(34, 179)(35, 55)(36, 204)(37, 198)(38, 186)(39, 247)(42, 82)(43, 45)(44, 252)(47, 220)(48, 178)(49, 114)(50,
        148)(51, 66)(52, 76)(53, 97)(54, 99)(56, 158)(58, 184)(59, 100)(60, 188)(61, 121)(62, 107)(65, 264)(68, 77)(69, 
        202)(70, 167)(71, 206)(72, 215)(73, 260)(74, 91)(75, 196)(78, 118)(79, 233)(80, 176)(83, 132)(84, 125)(85, 
        190)(86, 263)(87, 120)(88, 208)(89, 191)(90, 257)(92, 157)(94, 207)(95, 170)(98, 146)(101, 258)(102, 187)(103, 
        130)(104, 113)(108, 232)(109, 138)(110, 163)(112, 173)(115, 261)(116, 250)(117, 122)(119, 140)(123, 160)(124, 
        162)(127, 169)(129, 137)(131, 183)(133, 227)(139, 239)(142, 166)(143, 147)(144, 152)(150, 253)(151, 235)(153, 
        155)(154, 211)(159, 212)(161, 241)(164, 194)(168, 237)(171, 201)(172, 200)(174, 193)(175, 189)(177, 262)(180, 
        248)(182, 216)(185, 195)(192, 221)(203, 229)(209, 251)(213, 224)(219, 240)(222, 244)(223, 226)(225, 228)(230, 
        256)(231, 265)(234, 249)(236, 245)(238, 259)(243, 266)(254, 255),
    (1, 203)(2, 138)(3, 22)(4, 55)(5, 82)(6, 258)(7, 177)(8, 58)(9, 217)(10, 12)(11, 165)(13, 255)(14, 92)(15, 98)(16, 
        235)(17, 190)(18, 211)(19, 46)(20, 118)(21, 171)(23, 110)(24, 114)(25, 36)(26, 155)(27, 101)(28, 93)(29, 
        256)(30, 119)(31, 161)(32, 265)(33, 154)(34, 126)(35, 241)(37, 73)(38, 47)(39, 222)(40, 216)(41, 183)(42, 
        209)(43, 71)(44, 253)(45, 260)(48, 52)(49, 142)(50, 78)(51, 145)(53, 59)(54, 193)(56, 175)(57, 89)(60, 163)(62, 
        205)(63, 102)(64, 208)(65, 240)(66, 131)(67, 218)(68, 185)(69, 237)(70, 152)(72, 109)(74, 176)(75, 243)(76, 
        132)(77, 195)(80, 179)(81, 122)(83, 187)(84, 130)(85, 86)(87, 96)(88, 191)(90, 158)(91, 104)(94, 134)(95, 
        162)(97, 199)(99, 233)(100, 226)(103, 207)(105, 148)(106, 239)(107, 159)(108, 252)(111, 254)(112, 200)(113, 
        120)(115, 125)(116, 229)(117, 129)(121, 249)(123, 182)(124, 140)(127, 198)(128, 136)(133, 184)(135, 263)(137, 
        223)(139, 220)(141, 232)(143, 156)(144, 181)(146, 164)(147, 150)(149, 231)(151, 192)(153, 221)(157, 228)(166, 
        206)(168, 238)(169, 212)(170, 259)(172, 210)(173, 201)(174, 219)(178, 197)(186, 194)(188, 204)(189, 234)(196, 
        236)(202, 251)(213, 225)(214, 242)(215, 266)(224, 261)(227, 230)(245, 262)(247, 250)
]
{1, 2} [ 10, 10, 10 ]
{1, 3} [ 10, 10, 10 ]
{2, 3} [ 10, 10, 10 ]
[
    (1, 166)(2, 176)(3, 167)(4, 23)(5, 121)(6, 135)(7, 264)(8, 119)(9, 34)(10, 79)(11, 107)(12, 185)(13, 261)(14, 
        56)(15, 253)(16, 236)(17, 88)(18, 67)(19, 120)(20, 58)(21, 41)(22, 201)(24, 68)(25, 27)(26, 101)(28, 207)(29, 
        260)(30, 177)(31, 59)(32, 210)(33, 194)(35, 252)(36, 211)(37, 216)(38, 109)(39, 114)(40, 77)(42, 213)(43, 
        182)(44, 90)(45, 173)(46, 258)(47, 215)(48, 98)(49, 209)(50, 226)(51, 217)(52, 198)(53, 123)(54, 265)(55, 
        144)(57, 124)(60, 259)(61, 228)(62, 188)(63, 221)(64, 85)(65, 78)(66, 266)(69, 229)(70, 87)(71, 192)(72, 
        250)(73, 212)(74, 162)(75, 240)(80, 141)(81, 100)(82, 248)(83, 102)(84, 111)(86, 169)(89, 179)(91, 183)(92, 
        153)(93, 204)(94, 184)(95, 255)(96, 174)(97, 234)(99, 223)(103, 128)(104, 181)(105, 108)(110, 251)(113, 
        208)(115, 231)(116, 131)(118, 180)(122, 218)(125, 149)(126, 151)(127, 224)(130, 200)(132, 238)(133, 156)(134, 
        247)(137, 227)(138, 158)(139, 242)(140, 241)(142, 193)(143, 237)(145, 165)(146, 157)(147, 199)(148, 163)(150, 
        202)(152, 214)(154, 225)(155, 243)(159, 161)(160, 222)(164, 196)(168, 257)(170, 245)(171, 189)(172, 191)(175, 
        220)(178, 254)(186, 190)(187, 219)(195, 263)(197, 239)(206, 233)(232, 262)(235, 246)(244, 256),
    (1, 2)(3, 163)(4, 70)(5, 71)(6, 149)(7, 128)(8, 249)(9, 229)(10, 254)(11, 200)(12, 186)(13, 142)(14, 234)(16, 
        184)(17, 185)(18, 89)(19, 134)(20, 243)(21, 231)(22, 112)(23, 120)(25, 49)(26, 230)(27, 34)(28, 95)(29, 251)(30,
        258)(31, 116)(32, 167)(33, 157)(35, 265)(36, 129)(37, 53)(38, 153)(39, 87)(41, 219)(42, 82)(43, 105)(44, 99)(45,
        81)(46, 241)(47, 168)(48, 166)(50, 124)(51, 60)(52, 208)(54, 180)(55, 192)(56, 80)(57, 72)(58, 84)(59, 189)(61, 
        67)(62, 218)(63, 150)(64, 127)(65, 106)(66, 158)(68, 119)(69, 109)(73, 181)(74, 152)(75, 93)(76, 100)(77, 
        202)(78, 187)(79, 122)(83, 165)(85, 104)(86, 211)(88, 171)(90, 247)(91, 198)(92, 123)(94, 160)(96, 102)(97, 
        139)(98, 214)(101, 126)(103, 232)(107, 145)(108, 197)(110, 169)(111, 118)(113, 162)(114, 250)(115, 136)(117, 
        125)(121, 242)(131, 143)(132, 235)(135, 220)(138, 245)(140, 236)(141, 182)(144, 239)(146, 178)(147, 252)(148, 
        238)(154, 179)(155, 170)(159, 196)(161, 173)(164, 203)(172, 221)(175, 201)(176, 213)(177, 195)(183, 248)(188, 
        224)(190, 259)(191, 227)(193, 216)(194, 212)(199, 266)(204, 210)(205, 260)(206, 237)(207, 240)(209, 261)(215, 
        257)(217, 233)(222, 262)(223, 226)(228, 253)(244, 246)(255, 256)(263, 264),
    (1, 18)(2, 73)(3, 104)(4, 242)(5, 194)(6, 80)(7, 141)(8, 100)(9, 137)(10, 221)(11, 205)(12, 129)(13, 91)(14, 
        122)(15, 113)(16, 157)(17, 43)(19, 103)(20, 204)(21, 108)(22, 38)(23, 105)(24, 245)(25, 36)(26, 209)(27, 
        214)(28, 126)(29, 128)(30, 55)(31, 265)(32, 168)(33, 197)(34, 130)(35, 213)(37, 114)(39, 203)(40, 144)(41, 
        229)(42, 81)(44, 190)(45, 232)(46, 133)(47, 231)(48, 187)(49, 135)(50, 89)(51, 76)(52, 250)(53, 192)(56, 
        174)(57, 195)(58, 186)(59, 106)(60, 208)(61, 189)(62, 143)(63, 131)(64, 77)(67, 207)(68, 148)(69, 125)(70, 
        160)(71, 159)(72, 156)(74, 235)(75, 177)(78, 163)(79, 90)(82, 94)(83, 116)(84, 199)(85, 109)(86, 165)(87, 
        155)(88, 191)(92, 96)(93, 162)(95, 97)(98, 161)(99, 249)(101, 254)(102, 246)(107, 236)(110, 118)(111, 119)(112, 
        166)(115, 164)(117, 230)(120, 238)(121, 264)(124, 184)(127, 252)(132, 211)(134, 226)(136, 151)(138, 173)(139, 
        202)(140, 218)(142, 150)(145, 222)(146, 217)(147, 200)(149, 255)(152, 182)(153, 261)(158, 240)(167, 181)(169, 
        171)(170, 225)(172, 260)(175, 257)(176, 251)(178, 244)(179, 241)(183, 247)(185, 188)(193, 234)(196, 253)(198, 
        215)(201, 262)(206, 263)(210, 243)(212, 266)(220, 228)(223, 237)(224, 227)(239, 256)(258, 259)
]
{1, 2} [ 10, 10, 10 ]
{1, 3} [ 10, 10, 10 ]
{2, 3} [ 10, 10, 10 ]
[
    (1, 104)(2, 212)(3, 121)(5, 55)(6, 56)(7, 236)(9, 187)(10, 251)(11, 257)(12, 48)(13, 18)(14, 82)(15, 27)(16, 
        213)(17, 174)(19, 200)(20, 170)(21, 34)(22, 242)(23, 116)(24, 77)(25, 69)(26, 183)(28, 51)(29, 119)(30, 222)(31,
        145)(32, 72)(33, 152)(35, 60)(36, 188)(37, 137)(38, 65)(39, 71)(40, 205)(41, 61)(42, 98)(43, 52)(44, 89)(45, 
        227)(46, 175)(47, 171)(49, 163)(50, 67)(53, 122)(54, 206)(57, 210)(58, 155)(59, 165)(62, 103)(63, 261)(64, 
        248)(66, 185)(70, 240)(73, 88)(75, 252)(76, 156)(78, 149)(79, 265)(80, 151)(83, 214)(84, 157)(85, 195)(86, 
        95)(87, 107)(90, 225)(91, 258)(92, 264)(93, 144)(94, 224)(96, 208)(97, 177)(99, 148)(101, 201)(102, 168)(105, 
        234)(106, 160)(108, 230)(109, 127)(110, 221)(111, 245)(112, 182)(113, 126)(114, 233)(115, 209)(117, 232)(118, 
        255)(120, 154)(123, 203)(124, 197)(125, 263)(128, 219)(129, 216)(130, 237)(131, 215)(132, 228)(133, 173)(134, 
        223)(135, 184)(136, 253)(138, 254)(139, 250)(140, 141)(142, 161)(143, 204)(146, 190)(147, 194)(150, 249)(153, 
        169)(158, 243)(162, 189)(164, 172)(166, 176)(167, 179)(178, 207)(180, 266)(181, 241)(186, 217)(191, 238)(192, 
        226)(193, 246)(196, 211)(199, 259)(202, 256)(218, 244)(220, 239)(229, 262)(235, 260),
    (1, 238)(2, 261)(3, 166)(4, 223)(5, 222)(6, 218)(7, 83)(8, 216)(10, 20)(11, 64)(12, 46)(13, 52)(14, 245)(15, 
        121)(16, 131)(17, 191)(18, 236)(19, 113)(21, 227)(22, 117)(23, 254)(24, 76)(25, 159)(26, 62)(28, 212)(29, 
        72)(30, 231)(31, 257)(32, 118)(33, 56)(35, 186)(36, 237)(37, 164)(38, 252)(39, 207)(40, 249)(42, 232)(43, 
        92)(44, 161)(45, 68)(47, 103)(48, 140)(49, 165)(50, 256)(51, 128)(53, 87)(54, 98)(55, 250)(57, 115)(59, 168)(60,
        255)(61, 190)(63, 182)(65, 188)(66, 192)(67, 171)(69, 187)(70, 133)(71, 178)(73, 82)(74, 114)(75, 94)(77, 
        196)(78, 104)(79, 259)(80, 229)(81, 88)(84, 242)(85, 163)(86, 177)(89, 200)(90, 137)(91, 129)(93, 265)(95, 
        243)(96, 204)(97, 175)(99, 157)(100, 143)(101, 246)(102, 148)(105, 106)(107, 127)(108, 234)(109, 145)(110, 
        167)(111, 134)(112, 202)(116, 264)(119, 205)(122, 149)(123, 172)(124, 125)(126, 244)(130, 180)(132, 151)(135, 
        253)(136, 208)(138, 239)(139, 233)(141, 203)(142, 211)(144, 150)(146, 210)(147, 209)(152, 156)(153, 262)(154, 
        263)(158, 225)(160, 169)(162, 241)(170, 258)(174, 248)(176, 226)(179, 266)(181, 221)(183, 219)(184, 247)(189, 
        224)(193, 214)(195, 206)(197, 240)(198, 251)(199, 217)(201, 220)(213, 235)(215, 228)(230, 260),
    (1, 160)(2, 211)(3, 50)(4, 151)(5, 180)(6, 58)(7, 178)(8, 245)(9, 249)(10, 165)(11, 38)(12, 203)(13, 102)(14, 
        76)(15, 247)(16, 179)(17, 69)(18, 68)(19, 109)(20, 240)(21, 146)(22, 59)(23, 140)(24, 264)(25, 152)(26, 73)(27, 
        97)(28, 142)(29, 106)(30, 244)(31, 212)(32, 125)(33, 49)(34, 221)(35, 78)(36, 175)(40, 186)(41, 214)(42, 
        111)(43, 266)(44, 239)(45, 236)(46, 63)(47, 253)(48, 94)(51, 242)(52, 246)(54, 238)(55, 173)(56, 133)(57, 
        143)(60, 74)(61, 83)(62, 252)(64, 209)(65, 166)(66, 103)(67, 95)(70, 223)(71, 99)(72, 169)(75, 162)(77, 265)(79,
        121)(80, 118)(81, 112)(82, 90)(84, 190)(86, 185)(87, 193)(88, 135)(89, 201)(91, 96)(92, 189)(93, 226)(100, 
        148)(101, 204)(104, 218)(107, 167)(108, 228)(110, 170)(113, 156)(114, 263)(115, 215)(116, 196)(117, 123)(119, 
        194)(120, 191)(122, 257)(124, 147)(126, 210)(127, 207)(128, 254)(129, 233)(130, 219)(131, 195)(132, 255)(134, 
        205)(136, 150)(137, 248)(138, 183)(139, 234)(141, 200)(144, 172)(145, 227)(149, 168)(153, 258)(154, 197)(155, 
        213)(157, 241)(158, 177)(159, 230)(161, 224)(164, 250)(171, 184)(174, 229)(176, 256)(181, 217)(182, 243)(187, 
        237)(188, 216)(198, 231)(199, 225)(206, 222)(208, 261)(220, 259)(232, 235)(251, 260)
]
{1, 2} [ 10, 10, 10 ]
{1, 3} [ 10, 10, 10 ]
{2, 3} [ 10, 10, 10 ]
[
    (1, 232)(2, 211)(3, 224)(4, 98)(5, 139)(6, 202)(7, 215)(8, 199)(9, 195)(10, 112)(11, 161)(12, 169)(13, 213)(14, 
        62)(16, 236)(17, 78)(18, 204)(19, 110)(20, 172)(21, 133)(22, 130)(23, 166)(24, 51)(25, 49)(26, 225)(27, 252)(28,
        233)(29, 116)(30, 131)(31, 103)(32, 144)(33, 95)(34, 179)(35, 150)(36, 47)(37, 128)(38, 50)(39, 259)(40, 
        138)(41, 185)(42, 237)(43, 100)(44, 241)(45, 221)(46, 87)(48, 180)(52, 99)(53, 64)(54, 200)(55, 132)(56, 93)(57,
        143)(59, 60)(61, 187)(63, 263)(65, 108)(66, 154)(67, 152)(68, 153)(69, 136)(70, 165)(71, 90)(72, 104)(73, 
        245)(74, 219)(75, 235)(76, 97)(77, 142)(79, 119)(80, 123)(81, 223)(82, 246)(83, 111)(84, 231)(85, 126)(86, 
        251)(88, 171)(89, 156)(91, 137)(92, 192)(94, 234)(96, 122)(101, 258)(102, 124)(105, 247)(106, 227)(107, 
        253)(109, 177)(113, 164)(114, 193)(115, 182)(117, 134)(118, 205)(120, 173)(121, 176)(125, 240)(127, 183)(129, 
        265)(135, 230)(140, 228)(141, 229)(145, 196)(146, 226)(147, 155)(148, 222)(149, 242)(157, 188)(158, 170)(159, 
        184)(160, 162)(163, 217)(167, 175)(168, 264)(174, 238)(178, 243)(186, 207)(190, 208)(191, 255)(194, 256)(197, 
        212)(198, 261)(201, 250)(203, 218)(206, 266)(214, 260)(216, 239)(244, 249)(248, 257),
    (1, 72)(2, 33)(3, 236)(4, 185)(5, 67)(6, 256)(7, 20)(8, 141)(9, 38)(10, 213)(11, 231)(12, 13)(14, 104)(15, 218)(16, 
        137)(17, 156)(18, 64)(19, 57)(21, 235)(22, 260)(23, 253)(24, 131)(25, 172)(26, 40)(27, 191)(29, 79)(30, 55)(31, 
        224)(32, 82)(34, 242)(35, 241)(36, 157)(37, 251)(39, 202)(41, 60)(42, 197)(43, 149)(44, 183)(45, 188)(46, 
        65)(47, 142)(48, 248)(49, 190)(50, 222)(51, 81)(52, 176)(53, 59)(54, 87)(56, 71)(58, 259)(61, 181)(62, 229)(63, 
        237)(68, 252)(69, 178)(70, 136)(73, 206)(76, 263)(77, 255)(78, 166)(80, 254)(83, 165)(84, 227)(86, 173)(88, 
        107)(89, 205)(90, 209)(91, 100)(92, 230)(93, 168)(94, 249)(95, 97)(96, 161)(98, 105)(99, 119)(101, 182)(102, 
        158)(103, 135)(106, 112)(108, 233)(109, 155)(110, 221)(111, 162)(113, 123)(114, 264)(115, 139)(116, 240)(117, 
        196)(118, 215)(120, 159)(121, 170)(122, 214)(124, 234)(125, 174)(126, 147)(127, 199)(128, 210)(129, 204)(130, 
        226)(132, 212)(133, 177)(134, 232)(138, 246)(143, 217)(144, 243)(145, 150)(146, 169)(148, 265)(151, 193)(152, 
        228)(153, 163)(160, 201)(164, 207)(171, 208)(175, 187)(179, 198)(180, 189)(184, 262)(186, 216)(192, 261)(194, 
        203)(195, 247)(200, 219)(211, 223)(220, 239)(225, 250)(238, 244)(245, 266),
    (1, 254)(3, 82)(4, 159)(5, 240)(6, 8)(7, 104)(9, 264)(10, 219)(11, 221)(12, 224)(13, 38)(14, 55)(15, 151)(16, 
        108)(17, 152)(18, 245)(19, 53)(20, 125)(21, 26)(22, 187)(23, 158)(24, 262)(25, 160)(27, 200)(28, 117)(29, 
        130)(30, 127)(31, 209)(32, 36)(33, 87)(34, 186)(37, 208)(39, 147)(40, 181)(41, 261)(42, 213)(43, 110)(44, 
        243)(45, 206)(46, 248)(47, 83)(48, 157)(49, 218)(50, 226)(51, 133)(52, 163)(54, 176)(56, 113)(57, 242)(58, 
        59)(60, 231)(61, 91)(62, 80)(63, 114)(64, 249)(65, 111)(66, 131)(67, 232)(68, 247)(69, 212)(70, 205)(71, 
        143)(72, 233)(73, 210)(74, 86)(75, 94)(76, 266)(77, 190)(78, 103)(79, 172)(81, 259)(84, 135)(85, 252)(88, 
        123)(90, 246)(92, 203)(93, 164)(95, 199)(96, 155)(97, 102)(98, 256)(99, 154)(100, 126)(101, 142)(105, 173)(107, 
        255)(109, 193)(115, 253)(118, 228)(119, 128)(120, 202)(121, 241)(122, 149)(124, 183)(129, 196)(132, 162)(134, 
        170)(136, 265)(137, 211)(138, 156)(139, 180)(140, 263)(141, 167)(144, 145)(146, 166)(148, 230)(150, 214)(153, 
        179)(161, 217)(165, 216)(169, 223)(171, 235)(174, 189)(175, 260)(177, 182)(178, 244)(184, 195)(185, 251)(188, 
        258)(191, 239)(192, 234)(197, 201)(207, 257)(215, 237)(220, 222)(225, 238)(227, 229)(236, 250)
]
{1, 2} [ 10, 10, 10 ]
{1, 3} [ 10, 10, 10 ]
{2, 3} [ 10, 10, 10 ]
[
    (1, 121)(2, 166)(3, 152)(4, 230)(5, 24)(6, 244)(7, 190)(8, 157)(10, 266)(11, 57)(12, 159)(13, 51)(15, 196)(16, 
        100)(17, 169)(18, 264)(19, 187)(20, 68)(21, 45)(22, 249)(23, 110)(25, 34)(26, 63)(27, 172)(28, 84)(29, 81)(30, 
        107)(31, 153)(32, 198)(33, 69)(35, 175)(36, 130)(37, 109)(38, 99)(39, 203)(40, 87)(41, 46)(42, 128)(43, 171)(44,
        141)(47, 132)(48, 103)(49, 77)(50, 176)(52, 83)(53, 181)(55, 236)(56, 115)(58, 72)(59, 106)(60, 94)(61, 234)(62,
        235)(64, 135)(65, 248)(66, 216)(67, 247)(70, 222)(71, 129)(73, 112)(74, 143)(75, 98)(76, 91)(78, 262)(80, 
        178)(82, 208)(85, 114)(86, 263)(88, 185)(89, 251)(92, 151)(93, 97)(95, 162)(96, 136)(101, 127)(102, 239)(104, 
        182)(105, 118)(108, 232)(111, 120)(113, 253)(116, 250)(117, 242)(119, 238)(123, 233)(124, 218)(125, 197)(126, 
        199)(131, 209)(133, 229)(134, 150)(138, 202)(139, 173)(140, 184)(142, 226)(144, 155)(145, 160)(146, 170)(147, 
        220)(148, 204)(154, 219)(156, 186)(158, 240)(161, 177)(163, 201)(164, 174)(165, 206)(167, 192)(168, 215)(179, 
        241)(183, 207)(188, 191)(189, 193)(194, 245)(195, 205)(200, 228)(210, 224)(211, 231)(212, 221)(213, 257)(214, 
        260)(217, 225)(223, 258)(227, 243)(237, 259)(246, 256)(252, 254)(261, 265),
    (1, 166)(2, 159)(3, 193)(4, 125)(5, 47)(6, 189)(7, 127)(8, 52)(9, 145)(10, 258)(11, 65)(12, 18)(13, 241)(14, 
        192)(15, 175)(16, 195)(17, 90)(19, 156)(20, 210)(21, 181)(22, 218)(23, 149)(24, 68)(25, 141)(26, 259)(27, 
        80)(28, 99)(29, 256)(30, 183)(31, 59)(32, 58)(33, 63)(34, 165)(35, 191)(36, 199)(38, 179)(39, 265)(40, 45)(41, 
        104)(42, 83)(43, 164)(44, 88)(46, 79)(48, 247)(49, 204)(50, 212)(51, 154)(53, 55)(54, 114)(56, 71)(60, 101)(61, 
        128)(64, 180)(66, 138)(67, 185)(69, 105)(70, 152)(72, 160)(73, 226)(74, 115)(75, 153)(76, 205)(77, 173)(78, 
        107)(81, 168)(82, 163)(84, 178)(85, 118)(86, 116)(87, 214)(89, 109)(91, 177)(92, 240)(93, 209)(94, 146)(95, 
        242)(96, 110)(97, 202)(98, 134)(100, 257)(102, 213)(103, 228)(106, 203)(108, 229)(111, 254)(112, 249)(113, 
        137)(119, 198)(120, 133)(121, 215)(122, 201)(123, 144)(126, 151)(129, 136)(130, 186)(131, 169)(132, 246)(135, 
        171)(139, 255)(140, 261)(142, 167)(147, 211)(148, 248)(150, 234)(155, 239)(157, 184)(158, 266)(161, 176)(162, 
        231)(170, 206)(172, 252)(174, 251)(182, 196)(187, 262)(190, 200)(194, 221)(197, 243)(207, 223)(208, 227)(217, 
        225)(219, 232)(220, 253)(222, 250)(224, 264)(233, 245)(235, 238)(236, 263)(244, 260),
    (1, 51)(2, 60)(3, 160)(4, 250)(5, 238)(6, 233)(7, 13)(9, 84)(10, 255)(11, 65)(12, 213)(14, 261)(15, 137)(16, 56)(17,
        159)(18, 191)(19, 50)(20, 103)(21, 129)(22, 166)(23, 57)(24, 151)(25, 178)(26, 68)(27, 210)(28, 195)(29, 83)(30,
        181)(31, 190)(32, 85)(33, 108)(34, 204)(35, 218)(36, 231)(37, 246)(38, 144)(39, 215)(40, 225)(41, 219)(42, 
        100)(43, 180)(44, 168)(45, 206)(46, 252)(47, 99)(48, 112)(49, 146)(52, 189)(53, 244)(54, 105)(55, 264)(58, 
        229)(59, 208)(61, 77)(62, 265)(64, 123)(66, 93)(67, 202)(69, 140)(70, 114)(71, 148)(72, 120)(73, 258)(74, 
        164)(75, 158)(76, 82)(78, 260)(79, 222)(80, 184)(81, 237)(86, 145)(87, 257)(88, 175)(89, 227)(90, 223)(91, 
        117)(92, 127)(94, 163)(95, 177)(96, 136)(97, 224)(98, 183)(101, 126)(102, 115)(104, 167)(106, 200)(107, 
        211)(109, 236)(111, 235)(113, 131)(116, 259)(118, 132)(119, 230)(121, 138)(122, 262)(124, 134)(125, 198)(128, 
        142)(130, 174)(135, 161)(139, 188)(141, 207)(143, 162)(147, 241)(149, 217)(152, 203)(153, 239)(154, 179)(155, 
        212)(157, 197)(165, 251)(170, 194)(171, 201)(173, 220)(176, 186)(182, 240)(185, 196)(187, 205)(192, 263)(193, 
        199)(209, 234)(214, 248)(216, 266)(226, 247)(228, 253)(232, 243)(242, 245)(254, 256)
]
{1, 2} [ 11, 11, 11 ]
{1, 3} [ 11, 11, 11 ]
{2, 3} [ 11, 11, 11 ]
[
    (2, 173)(3, 55)(4, 150)(5, 59)(6, 211)(7, 85)(8, 159)(9, 26)(10, 217)(11, 160)(12, 206)(13, 153)(14, 22)(15, 
        122)(16, 146)(17, 194)(18, 128)(19, 165)(20, 50)(21, 149)(23, 202)(25, 131)(27, 116)(28, 62)(29, 247)(30, 
        174)(31, 121)(32, 213)(33, 88)(34, 101)(35, 80)(36, 135)(37, 168)(38, 221)(39, 82)(40, 52)(41, 125)(42, 210)(43,
        182)(44, 179)(45, 176)(46, 186)(48, 219)(49, 209)(51, 79)(53, 162)(54, 238)(56, 201)(57, 164)(58, 226)(60, 
        133)(61, 245)(63, 109)(64, 264)(65, 239)(66, 127)(67, 103)(69, 171)(70, 140)(71, 220)(72, 243)(73, 83)(74, 
        123)(75, 152)(76, 106)(77, 198)(78, 197)(81, 100)(84, 94)(86, 172)(87, 241)(89, 90)(91, 255)(92, 261)(93, 
        143)(95, 183)(96, 177)(97, 104)(98, 187)(99, 223)(102, 212)(105, 147)(107, 222)(108, 199)(110, 242)(111, 
        184)(112, 205)(114, 248)(115, 193)(118, 158)(119, 161)(120, 145)(124, 196)(126, 227)(129, 230)(130, 225)(132, 
        265)(134, 260)(137, 151)(138, 180)(139, 251)(141, 252)(142, 231)(144, 167)(148, 246)(154, 200)(155, 250)(156, 
        259)(157, 236)(163, 235)(169, 191)(170, 228)(175, 192)(178, 263)(181, 234)(185, 233)(188, 207)(189, 229)(190, 
        258)(195, 254)(203, 249)(204, 237)(214, 240)(216, 257)(218, 253)(224, 266)(232, 244)(256, 262),
    (1, 71)(2, 5)(3, 118)(4, 153)(6, 134)(7, 198)(8, 210)(9, 173)(10, 55)(11, 218)(12, 50)(13, 112)(14, 256)(15, 
        174)(16, 152)(17, 56)(18, 150)(19, 149)(21, 157)(22, 142)(23, 247)(24, 137)(25, 167)(26, 197)(27, 34)(28, 
        114)(29, 236)(30, 258)(31, 148)(32, 49)(33, 231)(35, 127)(36, 68)(37, 46)(38, 70)(39, 72)(40, 133)(42, 47)(43, 
        244)(44, 155)(45, 75)(48, 117)(51, 259)(52, 79)(53, 241)(54, 147)(57, 87)(58, 183)(59, 224)(60, 190)(61, 
        141)(62, 200)(63, 89)(64, 265)(65, 123)(66, 143)(67, 182)(69, 86)(73, 221)(74, 184)(76, 194)(77, 260)(78, 
        240)(80, 185)(81, 93)(82, 168)(83, 145)(84, 248)(85, 88)(90, 120)(91, 128)(92, 106)(94, 136)(95, 250)(96, 
        132)(97, 222)(98, 220)(99, 170)(100, 212)(101, 103)(102, 235)(104, 171)(105, 246)(107, 165)(108, 230)(109, 
        211)(110, 245)(111, 163)(113, 237)(115, 160)(116, 238)(119, 129)(121, 242)(122, 208)(124, 186)(125, 166)(126, 
        232)(130, 151)(131, 158)(135, 214)(138, 169)(139, 262)(140, 251)(144, 177)(146, 201)(154, 216)(159, 164)(161, 
        229)(162, 206)(172, 181)(175, 178)(176, 217)(179, 193)(180, 252)(187, 207)(188, 189)(191, 227)(192, 254)(195, 
        239)(196, 203)(202, 205)(204, 249)(209, 263)(213, 233)(215, 226)(223, 257)(234, 255)(261, 264),
    (1, 115)(2, 214)(4, 157)(5, 165)(6, 116)(7, 58)(8, 265)(9, 167)(10, 166)(11, 135)(12, 85)(13, 209)(14, 257)(15, 
        190)(16, 242)(17, 195)(18, 164)(19, 103)(20, 88)(21, 101)(23, 185)(24, 138)(25, 243)(26, 91)(27, 73)(28, 
        150)(29, 258)(30, 32)(31, 100)(33, 146)(34, 201)(35, 213)(36, 210)(37, 98)(40, 229)(41, 144)(42, 218)(43, 
        57)(44, 113)(45, 228)(46, 160)(47, 125)(48, 255)(49, 205)(50, 111)(51, 151)(52, 239)(53, 192)(54, 248)(55, 
        168)(56, 183)(59, 99)(60, 120)(61, 90)(62, 84)(63, 92)(64, 169)(66, 233)(67, 121)(68, 118)(69, 231)(70, 133)(71,
        177)(72, 253)(74, 134)(75, 159)(76, 136)(77, 171)(78, 227)(79, 189)(80, 83)(81, 140)(82, 176)(86, 194)(87, 
        145)(89, 119)(93, 236)(94, 251)(95, 215)(96, 131)(97, 198)(102, 244)(105, 188)(106, 249)(107, 162)(108, 
        254)(109, 129)(110, 148)(112, 221)(114, 161)(117, 261)(122, 175)(123, 154)(124, 223)(126, 142)(127, 147)(128, 
        259)(130, 262)(132, 170)(137, 181)(139, 206)(141, 186)(143, 199)(149, 187)(152, 179)(153, 230)(155, 222)(156, 
        196)(163, 224)(172, 266)(173, 245)(174, 247)(178, 246)(182, 241)(184, 237)(191, 204)(193, 234)(197, 217)(200, 
        252)(202, 263)(207, 264)(208, 238)(211, 225)(212, 260)(216, 219)(220, 232)(226, 235)(250, 256)
]
{1, 2} [ 15, 15, 15 ]
{1, 3} [ 15, 15, 15 ]
{2, 3} [ 15, 15, 15 ]
[
    (1, 199)(2, 90)(3, 49)(4, 239)(5, 53)(6, 134)(7, 50)(9, 262)(10, 253)(11, 231)(12, 15)(13, 218)(14, 247)(16, 
        251)(17, 119)(18, 51)(19, 58)(20, 222)(21, 233)(22, 221)(23, 213)(24, 237)(25, 105)(26, 249)(27, 191)(28, 
        258)(29, 148)(30, 62)(31, 244)(32, 73)(33, 209)(34, 254)(35, 121)(36, 173)(37, 137)(38, 184)(39, 133)(40, 
        94)(41, 217)(42, 68)(43, 243)(45, 226)(46, 163)(47, 113)(48, 205)(52, 124)(55, 229)(56, 255)(57, 259)(59, 
        67)(60, 143)(61, 203)(63, 131)(64, 81)(65, 153)(69, 93)(70, 116)(71, 77)(72, 127)(75, 167)(76, 125)(78, 166)(79,
        265)(80, 242)(82, 206)(83, 161)(84, 162)(85, 154)(86, 157)(88, 200)(89, 248)(91, 145)(92, 193)(95, 132)(96, 
        165)(97, 212)(98, 172)(99, 156)(100, 150)(101, 152)(102, 198)(103, 147)(104, 195)(106, 180)(107, 219)(108, 
        235)(109, 155)(110, 260)(111, 227)(112, 189)(114, 246)(115, 261)(117, 225)(118, 160)(120, 210)(122, 216)(123, 
        142)(126, 135)(128, 159)(129, 187)(130, 188)(136, 240)(138, 264)(139, 192)(140, 257)(144, 149)(146, 208)(151, 
        230)(158, 179)(168, 178)(169, 171)(170, 241)(174, 263)(175, 204)(176, 234)(177, 202)(181, 194)(182, 228)(185, 
        220)(186, 214)(190, 236)(196, 250)(197, 252)(201, 215)(211, 245)(223, 266)(224, 238)(232, 256),
    (1, 225)(2, 168)(3, 242)(4, 55)(5, 241)(6, 165)(7, 171)(8, 216)(10, 79)(11, 39)(13, 118)(14, 159)(15, 28)(16, 
        101)(17, 195)(19, 263)(20, 162)(21, 80)(22, 191)(23, 49)(24, 207)(25, 41)(26, 62)(27, 91)(29, 233)(30, 47)(31, 
        78)(32, 175)(33, 70)(34, 90)(35, 89)(36, 260)(37, 74)(38, 228)(40, 164)(42, 114)(43, 85)(44, 76)(45, 183)(46, 
        137)(48, 128)(50, 197)(51, 99)(52, 163)(53, 140)(54, 68)(56, 149)(57, 82)(58, 146)(59, 166)(60, 136)(61, 
        200)(63, 213)(64, 71)(65, 156)(66, 77)(67, 126)(69, 193)(72, 130)(73, 250)(75, 202)(81, 134)(83, 127)(84, 
        169)(86, 208)(87, 205)(88, 214)(92, 97)(93, 181)(94, 120)(95, 255)(96, 155)(98, 144)(100, 232)(102, 203)(103, 
        209)(104, 235)(105, 167)(106, 198)(107, 199)(108, 142)(109, 212)(110, 252)(111, 138)(113, 122)(115, 253)(116, 
        204)(117, 151)(119, 157)(121, 240)(123, 150)(124, 206)(125, 132)(129, 189)(131, 190)(133, 154)(135, 223)(139, 
        229)(141, 173)(143, 249)(145, 256)(147, 221)(152, 184)(153, 182)(158, 218)(160, 261)(161, 178)(170, 259)(172, 
        219)(174, 196)(176, 247)(177, 179)(180, 227)(185, 237)(186, 246)(187, 239)(188, 220)(192, 234)(201, 226)(210, 
        236)(211, 248)(215, 251)(217, 244)(222, 258)(231, 265)(238, 254)(243, 266)(257, 262),
    (1, 103)(2, 247)(3, 22)(4, 168)(5, 86)(6, 20)(7, 95)(8, 194)(9, 249)(10, 127)(11, 16)(12, 214)(13, 178)(14, 203)(17,
        27)(18, 219)(19, 47)(23, 30)(24, 146)(25, 119)(26, 155)(28, 40)(29, 43)(31, 232)(32, 93)(33, 215)(34, 152)(35, 
        235)(36, 110)(38, 102)(39, 55)(41, 230)(42, 120)(44, 70)(45, 91)(46, 63)(48, 69)(49, 79)(50, 124)(51, 226)(52, 
        201)(53, 188)(54, 106)(56, 144)(57, 206)(58, 151)(59, 176)(60, 121)(62, 218)(64, 157)(65, 228)(66, 89)(67, 
        179)(68, 96)(71, 97)(72, 197)(73, 257)(74, 204)(75, 150)(76, 90)(78, 252)(80, 205)(81, 223)(82, 159)(83, 
        167)(84, 231)(85, 107)(87, 263)(88, 162)(92, 207)(94, 164)(98, 264)(99, 250)(100, 116)(101, 115)(104, 212)(105, 
        211)(108, 140)(109, 255)(111, 175)(112, 183)(113, 234)(114, 134)(117, 193)(118, 123)(122, 153)(125, 190)(126, 
        253)(129, 239)(130, 224)(131, 166)(132, 259)(135, 185)(136, 180)(137, 221)(138, 233)(139, 251)(141, 196)(143, 
        266)(145, 229)(147, 225)(148, 174)(149, 261)(154, 156)(158, 170)(160, 171)(161, 236)(163, 217)(165, 241)(169, 
        260)(172, 202)(173, 237)(177, 191)(181, 254)(182, 258)(184, 246)(186, 192)(189, 209)(195, 244)(198, 242)(199, 
        256)(200, 227)(208, 240)(210, 220)(213, 243)(216, 265)(222, 238)(245, 248)
]
{1, 2} [ 19, 19, 19 ]
{1, 3} [ 19, 19, 19 ]
{2, 3} [ 19, 19, 19 ]
11
[
    [ 6, 2 ],
    [ 7, 1 ],
    [ 10, 5 ],
    [ 11, 1 ],
    [ 15, 1 ],
    [ 19, 1 ]
]
10.670
